##############
# Active Set #
##############
Problem 1:
----------
m: 1, n:2
M:[[0.976, 4.304]]
y:[2.055]
A:[[-1.0, -1.0], [-1.0, 1.0], [1.0, -1.0], [1.0, 1.0]]
b:[-1.0, -1.0, -1.0, -1.0]
c:[-4.013, -17.691]
G:[[0.953, 4.202], [4.202, 18.523]]
-------------------------
X0: [1.764, 0.4]
        Iterations: 2
        Solution: [0.206, 0.908]
        Time Elapsed: 0:00:00.000997


X0: [0.979, 2.241]
        Iterations: 2
        Solution: [0.206, 0.908]
        Time Elapsed: 0:00:00.000998


X0: [1.868, 0.977]
        Iterations: 2
        Solution: [0.206, 0.908]
        Time Elapsed: 0:00:00.000997


====================



Problem 2:
----------
m: 2, n:4
M:[[0.976, 4.304, 2.055, 0.898], [-1.527, 2.918, -1.248, 7.835]]
y:[9.273, -2.331]
A:[[-1.0, -1.0, -1.0, -1.0], [-1.0, -1.0, -1.0, 1.0], [-1.0, -1.0, 1.0, -1.0], [-1.0, -1.0, 1.0, 1.0], [-1.0, 1.0, -1.0, -1.0], [-1.0, 1.0, -1.0, 1.0], [-1.0, 1.0, 1.0, -1.0], [-1.0, 1.0, 1.0, 1.0], [1.0, -1.0, -1.0, -1.0], [1.0, -1.0, -1.0, 1.0], [1.0, -1.0, 1.0, -1.0], [1.0, -1.0, 1.0, 1.0], [1.0, 1.0, -1.0, -1.0], [1.0, 1.0, -1.0, 1.0], [1.0, 1.0, 1.0, -1.0], [1.0, 1.0, 1.0, 1.0]]
b:[-1.0, -1.0, -1.0, -1.0, -1.0, -1.0, -1.0, -1.0, -1.0, -1.0, -1.0, -1.0, -1.0, -1.0, -1.0, -1.0]
c:[-25.225, -66.216, -43.938, 19.883]
G:[[3.285, -0.254, 3.912, -11.088], [-0.254, 27.037, 5.203, 26.726], [3.912, 5.203, 5.782, -7.936], [-11.088, 26.726, -7.936, 62.2]]
-------------------------
X0: [1.764, 0.4, 0.979, 2.241]
        Iterations: 40
        Solution: [-0.0, -0.0, 0.0, -0.0]
        Time Elapsed: 0:00:00.021439


X0: [1.868, 0.977, 0.95, 0.151]
        Iterations: 5000
        Solution: [0.0, 0.0, 0.0, 0.0]
        Time Elapsed: 0:00:01.759338


X0: [0.103, 0.411, 0.144, 1.454]
        Iterations: 5000
        Solution: [0.0, 0.0, 0.0, 0.0]
        Time Elapsed: 0:00:01.767278


====================



Problem 3:
----------
m: 3, n:6
M:[[0.976, 4.304, 2.055, 0.898, -1.527, 2.918], [-1.248, 7.835, 9.273, -2.331, 5.835, 0.578], [1.361, 8.512, -8.579, -8.257, -9.596, 6.652]]
y:[5.563, 7.4, 9.572]
A:[[-1.0, -1.0, -1.0, -1.0, -1.0, -1.0], [-1.0, -1.0, -1.0, -1.0, -1.0, 1.0], [-1.0, -1.0, -1.0, -1.0, 1.0, -1.0], [-1.0, -1.0, -1.0, -1.0, 1.0, 1.0], [-1.0, -1.0, -1.0, 1.0, -1.0, -1.0], [-1.0, -1.0, -1.0, 1.0, -1.0, 1.0], [-1.0, -1.0, -1.0, 1.0, 1.0, -1.0], [-1.0, -1.0, -1.0, 1.0, 1.0, 1.0], [-1.0, -1.0, 1.0, -1.0, -1.0, -1.0], [-1.0, -1.0, 1.0, -1.0, -1.0, 1.0], [-1.0, -1.0, 1.0, -1.0, 1.0, -1.0], [-1.0, -1.0, 1.0, -1.0, 1.0, 1.0], [-1.0, -1.0, 1.0, 1.0, -1.0, -1.0], [-1.0, -1.0, 1.0, 1.0, -1.0, 1.0], [-1.0, -1.0, 1.0, 1.0, 1.0, -1.0], [-1.0, -1.0, 1.0, 1.0, 1.0, 1.0], [-1.0, 1.0, -1.0, -1.0, -1.0, -1.0], [-1.0, 1.0, -1.0, -1.0, -1.0, 1.0], [-1.0, 1.0, -1.0, -1.0, 1.0, -1.0], [-1.0, 1.0, -1.0, -1.0, 1.0, 1.0], [-1.0, 1.0, -1.0, 1.0, -1.0, -1.0], [-1.0, 1.0, -1.0, 1.0, -1.0, 1.0], [-1.0, 1.0, -1.0, 1.0, 1.0, -1.0], [-1.0, 1.0, -1.0, 1.0, 1.0, 1.0], [-1.0, 1.0, 1.0, -1.0, -1.0, -1.0], [-1.0, 1.0, 1.0, -1.0, -1.0, 1.0], [-1.0, 1.0, 1.0, -1.0, 1.0, -1.0], [-1.0, 1.0, 1.0, -1.0, 1.0, 1.0], [-1.0, 1.0, 1.0, 1.0, -1.0, -1.0], [-1.0, 1.0, 1.0, 1.0, -1.0, 1.0], [-1.0, 1.0, 1.0, 1.0, 1.0, -1.0], [-1.0, 1.0, 1.0, 1.0, 1.0, 1.0], [1.0, -1.0, -1.0, -1.0, -1.0, -1.0], [1.0, -1.0, -1.0, -1.0, -1.0, 1.0], [1.0, -1.0, -1.0, -1.0, 1.0, -1.0], [1.0, -1.0, -1.0, -1.0, 1.0, 1.0], [1.0, -1.0, -1.0, 1.0, -1.0, -1.0], [1.0, -1.0, -1.0, 1.0, -1.0, 1.0], [1.0, -1.0, -1.0, 1.0, 1.0, -1.0], [1.0, -1.0, -1.0, 1.0, 1.0, 1.0], [1.0, -1.0, 1.0, -1.0, -1.0, -1.0], [1.0, -1.0, 1.0, -1.0, -1.0, 1.0], [1.0, -1.0, 1.0, -1.0, 1.0, -1.0], [1.0, -1.0, 1.0, -1.0, 1.0, 1.0], [1.0, -1.0, 1.0, 1.0, -1.0, -1.0], [1.0, -1.0, 1.0, 1.0, -1.0, 1.0], [1.0, -1.0, 1.0, 1.0, 1.0, -1.0], [1.0, -1.0, 1.0, 1.0, 1.0, 1.0], [1.0, 1.0, -1.0, -1.0, -1.0, -1.0], [1.0, 1.0, -1.0, -1.0, -1.0, 1.0], [1.0, 1.0, -1.0, -1.0, 1.0, -1.0], [1.0, 1.0, -1.0, -1.0, 1.0, 1.0], [1.0, 1.0, -1.0, 1.0, -1.0, -1.0], [1.0, 1.0, -1.0, 1.0, -1.0, 1.0], [1.0, 1.0, -1.0, 1.0, 1.0, -1.0], [1.0, 1.0, -1.0, 1.0, 1.0, 1.0], [1.0, 1.0, 1.0, -1.0, -1.0, -1.0], [1.0, 1.0, 1.0, -1.0, -1.0, 1.0], [1.0, 1.0, 1.0, -1.0, 1.0, -1.0], [1.0, 1.0, 1.0, -1.0, 1.0, 1.0], [1.0, 1.0, 1.0, 1.0, -1.0, -1.0], [1.0, 1.0, 1.0, 1.0, -1.0, 1.0], [1.0, 1.0, 1.0, 1.0, 1.0, -1.0], [1.0, 1.0, 1.0, 1.0, 1.0, 1.0]]
b:[-1.0, -1.0, -1.0, -1.0, -1.0, -1.0, -1.0, -1.0, -1.0, -1.0, -1.0, -1.0, -1.0, -1.0, -1.0, -1.0, -1.0, -1.0, -1.0, -1.0, -1.0, -1.0, -1.0, -1.0, -1.0, -1.0, -1.0, -1.0, -1.0, -1.0, -1.0, -1.0, -1.0, -1.0, -1.0, -1.0, -1.0, -1.0, -1.0, -1.0, -1.0, -1.0, -1.0, -1.0, -1.0, -1.0, -1.0, -1.0, -1.0, -1.0, -1.0, -1.0, -1.0, -1.0, -1.0, -1.0, -1.0, -1.0, -1.0, -1.0, -1.0, -1.0, -1.0, -1.0]
c:[-18.441, -326.812, 4.132, 182.601, 114.341, -168.377]
G:[[4.363, 6.005, -21.244, -7.451, -21.832, 11.18], [6.005, 152.37, 8.479, -84.689, -42.533, 73.711], [-21.244, 8.479, 163.821, 51.07, 133.29, -45.717], [-7.451, -84.689, 51.07, 74.425, 64.263, -53.659], [-21.832, -42.533, 133.29, 64.263, 128.449, -64.918], [11.18, 73.711, -45.717, -53.659, -64.918, 53.102]]
-------------------------
X0: [1.764, 0.4, 0.979, 2.241, 1.868, 0.977]
        Iterations: 128
        Solution: [0.0, 0.0, -0.0, 0.0, 0.0, -0.0]
        Time Elapsed: 0:00:00.055708


X0: [0.761, 0.122, 0.444, 0.334, 1.494, 0.205]
        Iterations: 5000
        Solution: [-0.25, 0.25, 0.25, -0.25, 0.0, 0.0]
        Time Elapsed: 0:00:01.999589


X0: [0.313, 0.854, 2.553, 0.654, 0.864, 0.742]
        Iterations: 5000
        Solution: [-0.0, 0.0, -0.0, -0.0, 0.0, -0.0]
        Time Elapsed: 0:00:01.941713


====================



Problem 4:
----------
m: 4, n:8
M:[[0.976, 4.304, 2.055, 0.898, -1.527, 2.918, -1.248, 7.835], [9.273, -2.331, 5.835, 0.578, 1.361, 8.512, -8.579, -8.257], [-9.596, 6.652, 5.563, 7.4, 9.572, 5.983, -0.77, 5.611], [-7.635, 2.798, -7.133, 8.893, 0.437, -1.707, -4.709, 5.485]]
y:[-0.877, 1.369, -9.624, 2.353]
A:[[-1.0, -1.0, -1.0, -1.0, -1.0, -1.0, -1.0, -1.0], [-1.0, -1.0, -1.0, -1.0, -1.0, -1.0, -1.0, 1.0], [-1.0, -1.0, -1.0, -1.0, -1.0, -1.0, 1.0, -1.0], [-1.0, -1.0, -1.0, -1.0, -1.0, -1.0, 1.0, 1.0], [-1.0, -1.0, -1.0, -1.0, -1.0, 1.0, -1.0, -1.0], [-1.0, -1.0, -1.0, -1.0, -1.0, 1.0, -1.0, 1.0], [-1.0, -1.0, -1.0, -1.0, -1.0, 1.0, 1.0, -1.0], [-1.0, -1.0, -1.0, -1.0, -1.0, 1.0, 1.0, 1.0], [-1.0, -1.0, -1.0, -1.0, 1.0, -1.0, -1.0, -1.0], [-1.0, -1.0, -1.0, -1.0, 1.0, -1.0, -1.0, 1.0], [-1.0, -1.0, -1.0, -1.0, 1.0, -1.0, 1.0, -1.0], [-1.0, -1.0, -1.0, -1.0, 1.0, -1.0, 1.0, 1.0], [-1.0, -1.0, -1.0, -1.0, 1.0, 1.0, -1.0, -1.0], [-1.0, -1.0, -1.0, -1.0, 1.0, 1.0, -1.0, 1.0], [-1.0, -1.0, -1.0, -1.0, 1.0, 1.0, 1.0, -1.0], [-1.0, -1.0, -1.0, -1.0, 1.0, 1.0, 1.0, 1.0], [-1.0, -1.0, -1.0, 1.0, -1.0, -1.0, -1.0, -1.0], [-1.0, -1.0, -1.0, 1.0, -1.0, -1.0, -1.0, 1.0], [-1.0, -1.0, -1.0, 1.0, -1.0, -1.0, 1.0, -1.0], [-1.0, -1.0, -1.0, 1.0, -1.0, -1.0, 1.0, 1.0], [-1.0, -1.0, -1.0, 1.0, -1.0, 1.0, -1.0, -1.0], [-1.0, -1.0, -1.0, 1.0, -1.0, 1.0, -1.0, 1.0], [-1.0, -1.0, -1.0, 1.0, -1.0, 1.0, 1.0, -1.0], [-1.0, -1.0, -1.0, 1.0, -1.0, 1.0, 1.0, 1.0], [-1.0, -1.0, -1.0, 1.0, 1.0, -1.0, -1.0, -1.0], [-1.0, -1.0, -1.0, 1.0, 1.0, -1.0, -1.0, 1.0], [-1.0, -1.0, -1.0, 1.0, 1.0, -1.0, 1.0, -1.0], [-1.0, -1.0, -1.0, 1.0, 1.0, -1.0, 1.0, 1.0], [-1.0, -1.0, -1.0, 1.0, 1.0, 1.0, -1.0, -1.0], [-1.0, -1.0, -1.0, 1.0, 1.0, 1.0, -1.0, 1.0], [-1.0, -1.0, -1.0, 1.0, 1.0, 1.0, 1.0, -1.0], [-1.0, -1.0, -1.0, 1.0, 1.0, 1.0, 1.0, 1.0], [-1.0, -1.0, 1.0, -1.0, -1.0, -1.0, -1.0, -1.0], [-1.0, -1.0, 1.0, -1.0, -1.0, -1.0, -1.0, 1.0], [-1.0, -1.0, 1.0, -1.0, -1.0, -1.0, 1.0, -1.0], [-1.0, -1.0, 1.0, -1.0, -1.0, -1.0, 1.0, 1.0], [-1.0, -1.0, 1.0, -1.0, -1.0, 1.0, -1.0, -1.0], [-1.0, -1.0, 1.0, -1.0, -1.0, 1.0, -1.0, 1.0], [-1.0, -1.0, 1.0, -1.0, -1.0, 1.0, 1.0, -1.0], [-1.0, -1.0, 1.0, -1.0, -1.0, 1.0, 1.0, 1.0], [-1.0, -1.0, 1.0, -1.0, 1.0, -1.0, -1.0, -1.0], [-1.0, -1.0, 1.0, -1.0, 1.0, -1.0, -1.0, 1.0], [-1.0, -1.0, 1.0, -1.0, 1.0, -1.0, 1.0, -1.0], [-1.0, -1.0, 1.0, -1.0, 1.0, -1.0, 1.0, 1.0], [-1.0, -1.0, 1.0, -1.0, 1.0, 1.0, -1.0, -1.0], [-1.0, -1.0, 1.0, -1.0, 1.0, 1.0, -1.0, 1.0], [-1.0, -1.0, 1.0, -1.0, 1.0, 1.0, 1.0, -1.0], [-1.0, -1.0, 1.0, -1.0, 1.0, 1.0, 1.0, 1.0], [-1.0, -1.0, 1.0, 1.0, -1.0, -1.0, -1.0, -1.0], [-1.0, -1.0, 1.0, 1.0, -1.0, -1.0, -1.0, 1.0], [-1.0, -1.0, 1.0, 1.0, -1.0, -1.0, 1.0, -1.0], [-1.0, -1.0, 1.0, 1.0, -1.0, -1.0, 1.0, 1.0], [-1.0, -1.0, 1.0, 1.0, -1.0, 1.0, -1.0, -1.0], [-1.0, -1.0, 1.0, 1.0, -1.0, 1.0, -1.0, 1.0], [-1.0, -1.0, 1.0, 1.0, -1.0, 1.0, 1.0, -1.0], [-1.0, -1.0, 1.0, 1.0, -1.0, 1.0, 1.0, 1.0], [-1.0, -1.0, 1.0, 1.0, 1.0, -1.0, -1.0, -1.0], [-1.0, -1.0, 1.0, 1.0, 1.0, -1.0, -1.0, 1.0], [-1.0, -1.0, 1.0, 1.0, 1.0, -1.0, 1.0, -1.0], [-1.0, -1.0, 1.0, 1.0, 1.0, -1.0, 1.0, 1.0], [-1.0, -1.0, 1.0, 1.0, 1.0, 1.0, -1.0, -1.0], [-1.0, -1.0, 1.0, 1.0, 1.0, 1.0, -1.0, 1.0], [-1.0, -1.0, 1.0, 1.0, 1.0, 1.0, 1.0, -1.0], [-1.0, -1.0, 1.0, 1.0, 1.0, 1.0, 1.0, 1.0], [-1.0, 1.0, -1.0, -1.0, -1.0, -1.0, -1.0, -1.0], [-1.0, 1.0, -1.0, -1.0, -1.0, -1.0, -1.0, 1.0], [-1.0, 1.0, -1.0, -1.0, -1.0, -1.0, 1.0, -1.0], [-1.0, 1.0, -1.0, -1.0, -1.0, -1.0, 1.0, 1.0], [-1.0, 1.0, -1.0, -1.0, -1.0, 1.0, -1.0, -1.0], [-1.0, 1.0, -1.0, -1.0, -1.0, 1.0, -1.0, 1.0], [-1.0, 1.0, -1.0, -1.0, -1.0, 1.0, 1.0, -1.0], [-1.0, 1.0, -1.0, -1.0, -1.0, 1.0, 1.0, 1.0], [-1.0, 1.0, -1.0, -1.0, 1.0, -1.0, -1.0, -1.0], [-1.0, 1.0, -1.0, -1.0, 1.0, -1.0, -1.0, 1.0], [-1.0, 1.0, -1.0, -1.0, 1.0, -1.0, 1.0, -1.0], [-1.0, 1.0, -1.0, -1.0, 1.0, -1.0, 1.0, 1.0], [-1.0, 1.0, -1.0, -1.0, 1.0, 1.0, -1.0, -1.0], [-1.0, 1.0, -1.0, -1.0, 1.0, 1.0, -1.0, 1.0], [-1.0, 1.0, -1.0, -1.0, 1.0, 1.0, 1.0, -1.0], [-1.0, 1.0, -1.0, -1.0, 1.0, 1.0, 1.0, 1.0], [-1.0, 1.0, -1.0, 1.0, -1.0, -1.0, -1.0, -1.0], [-1.0, 1.0, -1.0, 1.0, -1.0, -1.0, -1.0, 1.0], [-1.0, 1.0, -1.0, 1.0, -1.0, -1.0, 1.0, -1.0], [-1.0, 1.0, -1.0, 1.0, -1.0, -1.0, 1.0, 1.0], [-1.0, 1.0, -1.0, 1.0, -1.0, 1.0, -1.0, -1.0], [-1.0, 1.0, -1.0, 1.0, -1.0, 1.0, -1.0, 1.0], [-1.0, 1.0, -1.0, 1.0, -1.0, 1.0, 1.0, -1.0], [-1.0, 1.0, -1.0, 1.0, -1.0, 1.0, 1.0, 1.0], [-1.0, 1.0, -1.0, 1.0, 1.0, -1.0, -1.0, -1.0], [-1.0, 1.0, -1.0, 1.0, 1.0, -1.0, -1.0, 1.0], [-1.0, 1.0, -1.0, 1.0, 1.0, -1.0, 1.0, -1.0], [-1.0, 1.0, -1.0, 1.0, 1.0, -1.0, 1.0, 1.0], [-1.0, 1.0, -1.0, 1.0, 1.0, 1.0, -1.0, -1.0], [-1.0, 1.0, -1.0, 1.0, 1.0, 1.0, -1.0, 1.0], [-1.0, 1.0, -1.0, 1.0, 1.0, 1.0, 1.0, -1.0], [-1.0, 1.0, -1.0, 1.0, 1.0, 1.0, 1.0, 1.0], [-1.0, 1.0, 1.0, -1.0, -1.0, -1.0, -1.0, -1.0], [-1.0, 1.0, 1.0, -1.0, -1.0, -1.0, -1.0, 1.0], [-1.0, 1.0, 1.0, -1.0, -1.0, -1.0, 1.0, -1.0], [-1.0, 1.0, 1.0, -1.0, -1.0, -1.0, 1.0, 1.0], [-1.0, 1.0, 1.0, -1.0, -1.0, 1.0, -1.0, -1.0], [-1.0, 1.0, 1.0, -1.0, -1.0, 1.0, -1.0, 1.0], [-1.0, 1.0, 1.0, -1.0, -1.0, 1.0, 1.0, -1.0], [-1.0, 1.0, 1.0, -1.0, -1.0, 1.0, 1.0, 1.0], [-1.0, 1.0, 1.0, -1.0, 1.0, -1.0, -1.0, -1.0], [-1.0, 1.0, 1.0, -1.0, 1.0, -1.0, -1.0, 1.0], [-1.0, 1.0, 1.0, -1.0, 1.0, -1.0, 1.0, -1.0], [-1.0, 1.0, 1.0, -1.0, 1.0, -1.0, 1.0, 1.0], [-1.0, 1.0, 1.0, -1.0, 1.0, 1.0, -1.0, -1.0], [-1.0, 1.0, 1.0, -1.0, 1.0, 1.0, -1.0, 1.0], [-1.0, 1.0, 1.0, -1.0, 1.0, 1.0, 1.0, -1.0], [-1.0, 1.0, 1.0, -1.0, 1.0, 1.0, 1.0, 1.0], [-1.0, 1.0, 1.0, 1.0, -1.0, -1.0, -1.0, -1.0], [-1.0, 1.0, 1.0, 1.0, -1.0, -1.0, -1.0, 1.0], [-1.0, 1.0, 1.0, 1.0, -1.0, -1.0, 1.0, -1.0], [-1.0, 1.0, 1.0, 1.0, -1.0, -1.0, 1.0, 1.0], [-1.0, 1.0, 1.0, 1.0, -1.0, 1.0, -1.0, -1.0], [-1.0, 1.0, 1.0, 1.0, -1.0, 1.0, -1.0, 1.0], [-1.0, 1.0, 1.0, 1.0, -1.0, 1.0, 1.0, -1.0], [-1.0, 1.0, 1.0, 1.0, -1.0, 1.0, 1.0, 1.0], [-1.0, 1.0, 1.0, 1.0, 1.0, -1.0, -1.0, -1.0], [-1.0, 1.0, 1.0, 1.0, 1.0, -1.0, -1.0, 1.0], [-1.0, 1.0, 1.0, 1.0, 1.0, -1.0, 1.0, -1.0], [-1.0, 1.0, 1.0, 1.0, 1.0, -1.0, 1.0, 1.0], [-1.0, 1.0, 1.0, 1.0, 1.0, 1.0, -1.0, -1.0], [-1.0, 1.0, 1.0, 1.0, 1.0, 1.0, -1.0, 1.0], [-1.0, 1.0, 1.0, 1.0, 1.0, 1.0, 1.0, -1.0], [-1.0, 1.0, 1.0, 1.0, 1.0, 1.0, 1.0, 1.0], [1.0, -1.0, -1.0, -1.0, -1.0, -1.0, -1.0, -1.0], [1.0, -1.0, -1.0, -1.0, -1.0, -1.0, -1.0, 1.0], [1.0, -1.0, -1.0, -1.0, -1.0, -1.0, 1.0, -1.0], [1.0, -1.0, -1.0, -1.0, -1.0, -1.0, 1.0, 1.0], [1.0, -1.0, -1.0, -1.0, -1.0, 1.0, -1.0, -1.0], [1.0, -1.0, -1.0, -1.0, -1.0, 1.0, -1.0, 1.0], [1.0, -1.0, -1.0, -1.0, -1.0, 1.0, 1.0, -1.0], [1.0, -1.0, -1.0, -1.0, -1.0, 1.0, 1.0, 1.0], [1.0, -1.0, -1.0, -1.0, 1.0, -1.0, -1.0, -1.0], [1.0, -1.0, -1.0, -1.0, 1.0, -1.0, -1.0, 1.0], [1.0, -1.0, -1.0, -1.0, 1.0, -1.0, 1.0, -1.0], [1.0, -1.0, -1.0, -1.0, 1.0, -1.0, 1.0, 1.0], [1.0, -1.0, -1.0, -1.0, 1.0, 1.0, -1.0, -1.0], [1.0, -1.0, -1.0, -1.0, 1.0, 1.0, -1.0, 1.0], [1.0, -1.0, -1.0, -1.0, 1.0, 1.0, 1.0, -1.0], [1.0, -1.0, -1.0, -1.0, 1.0, 1.0, 1.0, 1.0], [1.0, -1.0, -1.0, 1.0, -1.0, -1.0, -1.0, -1.0], [1.0, -1.0, -1.0, 1.0, -1.0, -1.0, -1.0, 1.0], [1.0, -1.0, -1.0, 1.0, -1.0, -1.0, 1.0, -1.0], [1.0, -1.0, -1.0, 1.0, -1.0, -1.0, 1.0, 1.0], [1.0, -1.0, -1.0, 1.0, -1.0, 1.0, -1.0, -1.0], [1.0, -1.0, -1.0, 1.0, -1.0, 1.0, -1.0, 1.0], [1.0, -1.0, -1.0, 1.0, -1.0, 1.0, 1.0, -1.0], [1.0, -1.0, -1.0, 1.0, -1.0, 1.0, 1.0, 1.0], [1.0, -1.0, -1.0, 1.0, 1.0, -1.0, -1.0, -1.0], [1.0, -1.0, -1.0, 1.0, 1.0, -1.0, -1.0, 1.0], [1.0, -1.0, -1.0, 1.0, 1.0, -1.0, 1.0, -1.0], [1.0, -1.0, -1.0, 1.0, 1.0, -1.0, 1.0, 1.0], [1.0, -1.0, -1.0, 1.0, 1.0, 1.0, -1.0, -1.0], [1.0, -1.0, -1.0, 1.0, 1.0, 1.0, -1.0, 1.0], [1.0, -1.0, -1.0, 1.0, 1.0, 1.0, 1.0, -1.0], [1.0, -1.0, -1.0, 1.0, 1.0, 1.0, 1.0, 1.0], [1.0, -1.0, 1.0, -1.0, -1.0, -1.0, -1.0, -1.0], [1.0, -1.0, 1.0, -1.0, -1.0, -1.0, -1.0, 1.0], [1.0, -1.0, 1.0, -1.0, -1.0, -1.0, 1.0, -1.0], [1.0, -1.0, 1.0, -1.0, -1.0, -1.0, 1.0, 1.0], [1.0, -1.0, 1.0, -1.0, -1.0, 1.0, -1.0, -1.0], [1.0, -1.0, 1.0, -1.0, -1.0, 1.0, -1.0, 1.0], [1.0, -1.0, 1.0, -1.0, -1.0, 1.0, 1.0, -1.0], [1.0, -1.0, 1.0, -1.0, -1.0, 1.0, 1.0, 1.0], [1.0, -1.0, 1.0, -1.0, 1.0, -1.0, -1.0, -1.0], [1.0, -1.0, 1.0, -1.0, 1.0, -1.0, -1.0, 1.0], [1.0, -1.0, 1.0, -1.0, 1.0, -1.0, 1.0, -1.0], [1.0, -1.0, 1.0, -1.0, 1.0, -1.0, 1.0, 1.0], [1.0, -1.0, 1.0, -1.0, 1.0, 1.0, -1.0, -1.0], [1.0, -1.0, 1.0, -1.0, 1.0, 1.0, -1.0, 1.0], [1.0, -1.0, 1.0, -1.0, 1.0, 1.0, 1.0, -1.0], [1.0, -1.0, 1.0, -1.0, 1.0, 1.0, 1.0, 1.0], [1.0, -1.0, 1.0, 1.0, -1.0, -1.0, -1.0, -1.0], [1.0, -1.0, 1.0, 1.0, -1.0, -1.0, -1.0, 1.0], [1.0, -1.0, 1.0, 1.0, -1.0, -1.0, 1.0, -1.0], [1.0, -1.0, 1.0, 1.0, -1.0, -1.0, 1.0, 1.0], [1.0, -1.0, 1.0, 1.0, -1.0, 1.0, -1.0, -1.0], [1.0, -1.0, 1.0, 1.0, -1.0, 1.0, -1.0, 1.0], [1.0, -1.0, 1.0, 1.0, -1.0, 1.0, 1.0, -1.0], [1.0, -1.0, 1.0, 1.0, -1.0, 1.0, 1.0, 1.0], [1.0, -1.0, 1.0, 1.0, 1.0, -1.0, -1.0, -1.0], [1.0, -1.0, 1.0, 1.0, 1.0, -1.0, -1.0, 1.0], [1.0, -1.0, 1.0, 1.0, 1.0, -1.0, 1.0, -1.0], [1.0, -1.0, 1.0, 1.0, 1.0, -1.0, 1.0, 1.0], [1.0, -1.0, 1.0, 1.0, 1.0, 1.0, -1.0, -1.0], [1.0, -1.0, 1.0, 1.0, 1.0, 1.0, -1.0, 1.0], [1.0, -1.0, 1.0, 1.0, 1.0, 1.0, 1.0, -1.0], [1.0, -1.0, 1.0, 1.0, 1.0, 1.0, 1.0, 1.0], [1.0, 1.0, -1.0, -1.0, -1.0, -1.0, -1.0, -1.0], [1.0, 1.0, -1.0, -1.0, -1.0, -1.0, -1.0, 1.0], [1.0, 1.0, -1.0, -1.0, -1.0, -1.0, 1.0, -1.0], [1.0, 1.0, -1.0, -1.0, -1.0, -1.0, 1.0, 1.0], [1.0, 1.0, -1.0, -1.0, -1.0, 1.0, -1.0, -1.0], [1.0, 1.0, -1.0, -1.0, -1.0, 1.0, -1.0, 1.0], [1.0, 1.0, -1.0, -1.0, -1.0, 1.0, 1.0, -1.0], [1.0, 1.0, -1.0, -1.0, -1.0, 1.0, 1.0, 1.0], [1.0, 1.0, -1.0, -1.0, 1.0, -1.0, -1.0, -1.0], [1.0, 1.0, -1.0, -1.0, 1.0, -1.0, -1.0, 1.0], [1.0, 1.0, -1.0, -1.0, 1.0, -1.0, 1.0, -1.0], [1.0, 1.0, -1.0, -1.0, 1.0, -1.0, 1.0, 1.0], [1.0, 1.0, -1.0, -1.0, 1.0, 1.0, -1.0, -1.0], [1.0, 1.0, -1.0, -1.0, 1.0, 1.0, -1.0, 1.0], [1.0, 1.0, -1.0, -1.0, 1.0, 1.0, 1.0, -1.0], [1.0, 1.0, -1.0, -1.0, 1.0, 1.0, 1.0, 1.0], [1.0, 1.0, -1.0, 1.0, -1.0, -1.0, -1.0, -1.0], [1.0, 1.0, -1.0, 1.0, -1.0, -1.0, -1.0, 1.0], [1.0, 1.0, -1.0, 1.0, -1.0, -1.0, 1.0, -1.0], [1.0, 1.0, -1.0, 1.0, -1.0, -1.0, 1.0, 1.0], [1.0, 1.0, -1.0, 1.0, -1.0, 1.0, -1.0, -1.0], [1.0, 1.0, -1.0, 1.0, -1.0, 1.0, -1.0, 1.0], [1.0, 1.0, -1.0, 1.0, -1.0, 1.0, 1.0, -1.0], [1.0, 1.0, -1.0, 1.0, -1.0, 1.0, 1.0, 1.0], [1.0, 1.0, -1.0, 1.0, 1.0, -1.0, -1.0, -1.0], [1.0, 1.0, -1.0, 1.0, 1.0, -1.0, -1.0, 1.0], [1.0, 1.0, -1.0, 1.0, 1.0, -1.0, 1.0, -1.0], [1.0, 1.0, -1.0, 1.0, 1.0, -1.0, 1.0, 1.0], [1.0, 1.0, -1.0, 1.0, 1.0, 1.0, -1.0, -1.0], [1.0, 1.0, -1.0, 1.0, 1.0, 1.0, -1.0, 1.0], [1.0, 1.0, -1.0, 1.0, 1.0, 1.0, 1.0, -1.0], [1.0, 1.0, -1.0, 1.0, 1.0, 1.0, 1.0, 1.0], [1.0, 1.0, 1.0, -1.0, -1.0, -1.0, -1.0, -1.0], [1.0, 1.0, 1.0, -1.0, -1.0, -1.0, -1.0, 1.0], [1.0, 1.0, 1.0, -1.0, -1.0, -1.0, 1.0, -1.0], [1.0, 1.0, 1.0, -1.0, -1.0, -1.0, 1.0, 1.0], [1.0, 1.0, 1.0, -1.0, -1.0, 1.0, -1.0, -1.0], [1.0, 1.0, 1.0, -1.0, -1.0, 1.0, -1.0, 1.0], [1.0, 1.0, 1.0, -1.0, -1.0, 1.0, 1.0, -1.0], [1.0, 1.0, 1.0, -1.0, -1.0, 1.0, 1.0, 1.0], [1.0, 1.0, 1.0, -1.0, 1.0, -1.0, -1.0, -1.0], [1.0, 1.0, 1.0, -1.0, 1.0, -1.0, -1.0, 1.0], [1.0, 1.0, 1.0, -1.0, 1.0, -1.0, 1.0, -1.0], [1.0, 1.0, 1.0, -1.0, 1.0, -1.0, 1.0, 1.0], [1.0, 1.0, 1.0, -1.0, 1.0, 1.0, -1.0, -1.0], [1.0, 1.0, 1.0, -1.0, 1.0, 1.0, -1.0, 1.0], [1.0, 1.0, 1.0, -1.0, 1.0, 1.0, 1.0, -1.0], [1.0, 1.0, 1.0, -1.0, 1.0, 1.0, 1.0, 1.0], [1.0, 1.0, 1.0, 1.0, -1.0, -1.0, -1.0, -1.0], [1.0, 1.0, 1.0, 1.0, -1.0, -1.0, -1.0, 1.0], [1.0, 1.0, 1.0, 1.0, -1.0, -1.0, 1.0, -1.0], [1.0, 1.0, 1.0, 1.0, -1.0, -1.0, 1.0, 1.0], [1.0, 1.0, 1.0, 1.0, -1.0, 1.0, -1.0, -1.0], [1.0, 1.0, 1.0, 1.0, -1.0, 1.0, -1.0, 1.0], [1.0, 1.0, 1.0, 1.0, -1.0, 1.0, 1.0, -1.0], [1.0, 1.0, 1.0, 1.0, -1.0, 1.0, 1.0, 1.0], [1.0, 1.0, 1.0, 1.0, 1.0, -1.0, -1.0, -1.0], [1.0, 1.0, 1.0, 1.0, 1.0, -1.0, -1.0, 1.0], [1.0, 1.0, 1.0, 1.0, 1.0, -1.0, 1.0, -1.0], [1.0, 1.0, 1.0, 1.0, 1.0, -1.0, 1.0, 1.0], [1.0, 1.0, 1.0, 1.0, 1.0, 1.0, -1.0, -1.0], [1.0, 1.0, 1.0, 1.0, 1.0, 1.0, -1.0, 1.0], [1.0, 1.0, 1.0, 1.0, 1.0, 1.0, 1.0, -1.0], [1.0, 1.0, 1.0, 1.0, 1.0, 1.0, 1.0, 1.0]]
b:[-1.0, -1.0, -1.0, -1.0, -1.0, -1.0, -1.0, -1.0, -1.0, -1.0, -1.0, -1.0, -1.0, -1.0, -1.0, -1.0, -1.0, -1.0, -1.0, -1.0, -1.0, -1.0, -1.0, -1.0, -1.0, -1.0, -1.0, -1.0, -1.0, -1.0, -1.0, -1.0, -1.0, -1.0, -1.0, -1.0, -1.0, -1.0, -1.0, -1.0, -1.0, -1.0, -1.0, -1.0, -1.0, -1.0, -1.0, -1.0, -1.0, -1.0, -1.0, -1.0, -1.0, -1.0, -1.0, -1.0, -1.0, -1.0, -1.0, -1.0, -1.0, -1.0, -1.0, -1.0, -1.0, -1.0, -1.0, -1.0, -1.0, -1.0, -1.0, -1.0, -1.0, -1.0, -1.0, -1.0, -1.0, -1.0, -1.0, -1.0, -1.0, -1.0, -1.0, -1.0, -1.0, -1.0, -1.0, -1.0, -1.0, -1.0, -1.0, -1.0, -1.0, -1.0, -1.0, -1.0, -1.0, -1.0, -1.0, -1.0, -1.0, -1.0, -1.0, -1.0, -1.0, -1.0, -1.0, -1.0, -1.0, -1.0, -1.0, -1.0, -1.0, -1.0, -1.0, -1.0, -1.0, -1.0, -1.0, -1.0, -1.0, -1.0, -1.0, -1.0, -1.0, -1.0, -1.0, -1.0, -1.0, -1.0, -1.0, -1.0, -1.0, -1.0, -1.0, -1.0, -1.0, -1.0, -1.0, -1.0, -1.0, -1.0, -1.0, -1.0, -1.0, -1.0, -1.0, -1.0, -1.0, -1.0, -1.0, -1.0, -1.0, -1.0, -1.0, -1.0, -1.0, -1.0, -1.0, -1.0, -1.0, -1.0, -1.0, -1.0, -1.0, -1.0, -1.0, -1.0, -1.0, -1.0, -1.0, -1.0, -1.0, -1.0, -1.0, -1.0, -1.0, -1.0, -1.0, -1.0, -1.0, -1.0, -1.0, -1.0, -1.0, -1.0, -1.0, -1.0, -1.0, -1.0, -1.0, -1.0, -1.0, -1.0, -1.0, -1.0, -1.0, -1.0, -1.0, -1.0, -1.0, -1.0, -1.0, -1.0, -1.0, -1.0, -1.0, -1.0, -1.0, -1.0, -1.0, -1.0, -1.0, -1.0, -1.0, -1.0, -1.0, -1.0, -1.0, -1.0, -1.0, -1.0, -1.0, -1.0, -1.0, -1.0, -1.0, -1.0, -1.0, -1.0, -1.0, -1.0, -1.0, -1.0, -1.0, -1.0, -1.0, -1.0, -1.0, -1.0, -1.0, -1.0, -1.0, -1.0, -1.0, -1.0, -1.0, -1.0, -1.0, -1.0, -1.0, -1.0, -1.0, -1.0, -1.0, -1.0]
c:[-172.449, 128.81, 128.279, 100.588, 175.793, 105.015, 28.623, 118.534]
G:[[237.308, -102.614, 57.186, -132.671, -84.06, 37.4, -37.434, -164.633], [-102.614, 76.042, 12.291, 76.633, 55.158, 27.741, -3.675, 105.644], [57.186, 12.291, 120.093, -17.051, 54.937, 101.119, -23.319, -39.983], [-132.671, 76.633, -17.051, 134.996, 74.14, 36.636, -53.658, 92.559], [-84.06, 55.158, 54.937, 74.14, 96.005, 63.656, -19.202, 32.902], [37.4, 27.741, 101.119, 36.636, 63.656, 119.678, -73.241, -23.216], [-37.434, -3.675, -23.319, -53.658, -19.202, -73.241, 97.929, 30.913], [-164.633, 105.644, -39.983, 92.559, 32.902, -23.216, 30.913, 191.14]]
-------------------------



X0: [0.103, 0.411, 0.144, 1.454, 0.761, 0.122, 0.444, 0.334]
        Iterations: 1155
        Solution: [-0.183, -0.035, -0.183, 0.113, -0.148, 0.148, 0.035, -0.113]
        Time Elapsed: 0:00:00.498611


X0: [0.888, 1.981, 0.348, 0.156, 1.23, 1.202, 0.387, 0.302]
        Iterations: 196
        Solution: [-0.283, -0.142, -0.142, 0.0, -0.142, 0.0, -0.142, -0.0]
        Time Elapsed: 0:00:00.133230


X0: [1.494, 0.205, 0.313, 0.854, 2.553, 0.654, 0.864, 0.742]
        Iterations: 693
        Solution: [-0.259, -0.129, -0.065, -0.0, -0.065, -0.065, -0.129, -0.065]
        Time Elapsed: 0:00:00.300796




====================



Problem 5:
----------
m: 5, n:10
M:[[0.976, 4.304, 2.055, 0.898, -1.527, 2.918, -1.248, 7.835, 9.273, -2.331], [5.835, 0.578, 1.361, 8.512, -8.579, -8.257, -9.596, 6.652, 5.563, 7.4], [9.572, 5.983, -0.77, 5.611, -7.635, 2.798, -7.133, 8.893, 0.437, -1.707], [-4.709, 5.485, -0.877, 1.369, -9.624, 2.353, 2.242, 2.339, 8.875, 3.636], [-2.81, -1.259, 3.953, -8.795, 3.335, 3.413, -5.792, -7.421, -3.691, -2.726]]
y:[1.404, -1.228, 9.767, -7.959, -5.822]
A:[[-1.0, -1.0, -1.0, -1.0, -1.0, -1.0, -1.0, -1.0, -1.0, -1.0], [-1.0, -1.0, -1.0, -1.0, -1.0, -1.0, -1.0, -1.0, -1.0, 1.0], [-1.0, -1.0, -1.0, -1.0, -1.0, -1.0, -1.0, -1.0, 1.0, -1.0], [-1.0, -1.0, -1.0, -1.0, -1.0, -1.0, -1.0, -1.0, 1.0, 1.0], [-1.0, -1.0, -1.0, -1.0, -1.0, -1.0, -1.0, 1.0, -1.0, -1.0], [-1.0, -1.0, -1.0, -1.0, -1.0, -1.0, -1.0, 1.0, -1.0, 1.0], [-1.0, -1.0, -1.0, -1.0, -1.0, -1.0, -1.0, 1.0, 1.0, -1.0], [-1.0, -1.0, -1.0, -1.0, -1.0, -1.0, -1.0, 1.0, 1.0, 1.0], [-1.0, -1.0, -1.0, -1.0, -1.0, -1.0, 1.0, -1.0, -1.0, -1.0], [-1.0, -1.0, -1.0, -1.0, -1.0, -1.0, 1.0, -1.0, -1.0, 1.0], [-1.0, -1.0, -1.0, -1.0, -1.0, -1.0, 1.0, -1.0, 1.0, -1.0], [-1.0, -1.0, -1.0, -1.0, -1.0, -1.0, 1.0, -1.0, 1.0, 1.0], [-1.0, -1.0, -1.0, -1.0, -1.0, -1.0, 1.0, 1.0, -1.0, -1.0], [-1.0, -1.0, -1.0, -1.0, -1.0, -1.0, 1.0, 1.0, -1.0, 1.0], [-1.0, -1.0, -1.0, -1.0, -1.0, -1.0, 1.0, 1.0, 1.0, -1.0], [-1.0, -1.0, -1.0, -1.0, -1.0, -1.0, 1.0, 1.0, 1.0, 1.0], [-1.0, -1.0, -1.0, -1.0, -1.0, 1.0, -1.0, -1.0, -1.0, -1.0], [-1.0, -1.0, -1.0, -1.0, -1.0, 1.0, -1.0, -1.0, -1.0, 1.0], [-1.0, -1.0, -1.0, -1.0, -1.0, 1.0, -1.0, -1.0, 1.0, -1.0], [-1.0, -1.0, -1.0, -1.0, -1.0, 1.0, -1.0, -1.0, 1.0, 1.0], [-1.0, -1.0, -1.0, -1.0, -1.0, 1.0, -1.0, 1.0, -1.0, -1.0], [-1.0, -1.0, -1.0, -1.0, -1.0, 1.0, -1.0, 1.0, -1.0, 1.0], [-1.0, -1.0, -1.0, -1.0, -1.0, 1.0, -1.0, 1.0, 1.0, -1.0], [-1.0, -1.0, -1.0, -1.0, -1.0, 1.0, -1.0, 1.0, 1.0, 1.0], [-1.0, -1.0, -1.0, -1.0, -1.0, 1.0, 1.0, -1.0, -1.0, -1.0], [-1.0, -1.0, -1.0, -1.0, -1.0, 1.0, 1.0, -1.0, -1.0, 1.0], [-1.0, -1.0, -1.0, -1.0, -1.0, 1.0, 1.0, -1.0, 1.0, -1.0], [-1.0, -1.0, -1.0, -1.0, -1.0, 1.0, 1.0, -1.0, 1.0, 1.0], [-1.0, -1.0, -1.0, -1.0, -1.0, 1.0, 1.0, 1.0, -1.0, -1.0], [-1.0, -1.0, -1.0, -1.0, -1.0, 1.0, 1.0, 1.0, -1.0, 1.0], [-1.0, -1.0, -1.0, -1.0, -1.0, 1.0, 1.0, 1.0, 1.0, -1.0], [-1.0, -1.0, -1.0, -1.0, -1.0, 1.0, 1.0, 1.0, 1.0, 1.0], [-1.0, -1.0, -1.0, -1.0, 1.0, -1.0, -1.0, -1.0, -1.0, -1.0], [-1.0, -1.0, -1.0, -1.0, 1.0, -1.0, -1.0, -1.0, -1.0, 1.0], [-1.0, -1.0, -1.0, -1.0, 1.0, -1.0, -1.0, -1.0, 1.0, -1.0], [-1.0, -1.0, -1.0, -1.0, 1.0, -1.0, -1.0, -1.0, 1.0, 1.0], [-1.0, -1.0, -1.0, -1.0, 1.0, -1.0, -1.0, 1.0, -1.0, -1.0], [-1.0, -1.0, -1.0, -1.0, 1.0, -1.0, -1.0, 1.0, -1.0, 1.0], [-1.0, -1.0, -1.0, -1.0, 1.0, -1.0, -1.0, 1.0, 1.0, -1.0], [-1.0, -1.0, -1.0, -1.0, 1.0, -1.0, -1.0, 1.0, 1.0, 1.0], [-1.0, -1.0, -1.0, -1.0, 1.0, -1.0, 1.0, -1.0, -1.0, -1.0], [-1.0, -1.0, -1.0, -1.0, 1.0, -1.0, 1.0, -1.0, -1.0, 1.0], [-1.0, -1.0, -1.0, -1.0, 1.0, -1.0, 1.0, -1.0, 1.0, -1.0], [-1.0, -1.0, -1.0, -1.0, 1.0, -1.0, 1.0, -1.0, 1.0, 1.0], [-1.0, -1.0, -1.0, -1.0, 1.0, -1.0, 1.0, 1.0, -1.0, -1.0], [-1.0, -1.0, -1.0, -1.0, 1.0, -1.0, 1.0, 1.0, -1.0, 1.0], [-1.0, -1.0, -1.0, -1.0, 1.0, -1.0, 1.0, 1.0, 1.0, -1.0], [-1.0, -1.0, -1.0, -1.0, 1.0, -1.0, 1.0, 1.0, 1.0, 1.0], [-1.0, -1.0, -1.0, -1.0, 1.0, 1.0, -1.0, -1.0, -1.0, -1.0], [-1.0, -1.0, -1.0, -1.0, 1.0, 1.0, -1.0, -1.0, -1.0, 1.0], [-1.0, -1.0, -1.0, -1.0, 1.0, 1.0, -1.0, -1.0, 1.0, -1.0], [-1.0, -1.0, -1.0, -1.0, 1.0, 1.0, -1.0, -1.0, 1.0, 1.0], [-1.0, -1.0, -1.0, -1.0, 1.0, 1.0, -1.0, 1.0, -1.0, -1.0], [-1.0, -1.0, -1.0, -1.0, 1.0, 1.0, -1.0, 1.0, -1.0, 1.0], [-1.0, -1.0, -1.0, -1.0, 1.0, 1.0, -1.0, 1.0, 1.0, -1.0], [-1.0, -1.0, -1.0, -1.0, 1.0, 1.0, -1.0, 1.0, 1.0, 1.0], [-1.0, -1.0, -1.0, -1.0, 1.0, 1.0, 1.0, -1.0, -1.0, -1.0], [-1.0, -1.0, -1.0, -1.0, 1.0, 1.0, 1.0, -1.0, -1.0, 1.0], [-1.0, -1.0, -1.0, -1.0, 1.0, 1.0, 1.0, -1.0, 1.0, -1.0], [-1.0, -1.0, -1.0, -1.0, 1.0, 1.0, 1.0, -1.0, 1.0, 1.0], [-1.0, -1.0, -1.0, -1.0, 1.0, 1.0, 1.0, 1.0, -1.0, -1.0], [-1.0, -1.0, -1.0, -1.0, 1.0, 1.0, 1.0, 1.0, -1.0, 1.0], [-1.0, -1.0, -1.0, -1.0, 1.0, 1.0, 1.0, 1.0, 1.0, -1.0], [-1.0, -1.0, -1.0, -1.0, 1.0, 1.0, 1.0, 1.0, 1.0, 1.0], [-1.0, -1.0, -1.0, 1.0, -1.0, -1.0, -1.0, -1.0, -1.0, -1.0], [-1.0, -1.0, -1.0, 1.0, -1.0, -1.0, -1.0, -1.0, -1.0, 1.0], [-1.0, -1.0, -1.0, 1.0, -1.0, -1.0, -1.0, -1.0, 1.0, -1.0], [-1.0, -1.0, -1.0, 1.0, -1.0, -1.0, -1.0, -1.0, 1.0, 1.0], [-1.0, -1.0, -1.0, 1.0, -1.0, -1.0, -1.0, 1.0, -1.0, -1.0], [-1.0, -1.0, -1.0, 1.0, -1.0, -1.0, -1.0, 1.0, -1.0, 1.0], [-1.0, -1.0, -1.0, 1.0, -1.0, -1.0, -1.0, 1.0, 1.0, -1.0], [-1.0, -1.0, -1.0, 1.0, -1.0, -1.0, -1.0, 1.0, 1.0, 1.0], [-1.0, -1.0, -1.0, 1.0, -1.0, -1.0, 1.0, -1.0, -1.0, -1.0], [-1.0, -1.0, -1.0, 1.0, -1.0, -1.0, 1.0, -1.0, -1.0, 1.0], [-1.0, -1.0, -1.0, 1.0, -1.0, -1.0, 1.0, -1.0, 1.0, -1.0], [-1.0, -1.0, -1.0, 1.0, -1.0, -1.0, 1.0, -1.0, 1.0, 1.0], [-1.0, -1.0, -1.0, 1.0, -1.0, -1.0, 1.0, 1.0, -1.0, -1.0], [-1.0, -1.0, -1.0, 1.0, -1.0, -1.0, 1.0, 1.0, -1.0, 1.0], [-1.0, -1.0, -1.0, 1.0, -1.0, -1.0, 1.0, 1.0, 1.0, -1.0], [-1.0, -1.0, -1.0, 1.0, -1.0, -1.0, 1.0, 1.0, 1.0, 1.0], [-1.0, -1.0, -1.0, 1.0, -1.0, 1.0, -1.0, -1.0, -1.0, -1.0], [-1.0, -1.0, -1.0, 1.0, -1.0, 1.0, -1.0, -1.0, -1.0, 1.0], [-1.0, -1.0, -1.0, 1.0, -1.0, 1.0, -1.0, -1.0, 1.0, -1.0], [-1.0, -1.0, -1.0, 1.0, -1.0, 1.0, -1.0, -1.0, 1.0, 1.0], [-1.0, -1.0, -1.0, 1.0, -1.0, 1.0, -1.0, 1.0, -1.0, -1.0], [-1.0, -1.0, -1.0, 1.0, -1.0, 1.0, -1.0, 1.0, -1.0, 1.0], [-1.0, -1.0, -1.0, 1.0, -1.0, 1.0, -1.0, 1.0, 1.0, -1.0], [-1.0, -1.0, -1.0, 1.0, -1.0, 1.0, -1.0, 1.0, 1.0, 1.0], [-1.0, -1.0, -1.0, 1.0, -1.0, 1.0, 1.0, -1.0, -1.0, -1.0], [-1.0, -1.0, -1.0, 1.0, -1.0, 1.0, 1.0, -1.0, -1.0, 1.0], [-1.0, -1.0, -1.0, 1.0, -1.0, 1.0, 1.0, -1.0, 1.0, -1.0], [-1.0, -1.0, -1.0, 1.0, -1.0, 1.0, 1.0, -1.0, 1.0, 1.0], [-1.0, -1.0, -1.0, 1.0, -1.0, 1.0, 1.0, 1.0, -1.0, -1.0], [-1.0, -1.0, -1.0, 1.0, -1.0, 1.0, 1.0, 1.0, -1.0, 1.0], [-1.0, -1.0, -1.0, 1.0, -1.0, 1.0, 1.0, 1.0, 1.0, -1.0], [-1.0, -1.0, -1.0, 1.0, -1.0, 1.0, 1.0, 1.0, 1.0, 1.0], [-1.0, -1.0, -1.0, 1.0, 1.0, -1.0, -1.0, -1.0, -1.0, -1.0], [-1.0, -1.0, -1.0, 1.0, 1.0, -1.0, -1.0, -1.0, -1.0, 1.0], [-1.0, -1.0, -1.0, 1.0, 1.0, -1.0, -1.0, -1.0, 1.0, -1.0], [-1.0, -1.0, -1.0, 1.0, 1.0, -1.0, -1.0, -1.0, 1.0, 1.0], [-1.0, -1.0, -1.0, 1.0, 1.0, -1.0, -1.0, 1.0, -1.0, -1.0], [-1.0, -1.0, -1.0, 1.0, 1.0, -1.0, -1.0, 1.0, -1.0, 1.0], [-1.0, -1.0, -1.0, 1.0, 1.0, -1.0, -1.0, 1.0, 1.0, -1.0], [-1.0, -1.0, -1.0, 1.0, 1.0, -1.0, -1.0, 1.0, 1.0, 1.0], [-1.0, -1.0, -1.0, 1.0, 1.0, -1.0, 1.0, -1.0, -1.0, -1.0], [-1.0, -1.0, -1.0, 1.0, 1.0, -1.0, 1.0, -1.0, -1.0, 1.0], [-1.0, -1.0, -1.0, 1.0, 1.0, -1.0, 1.0, -1.0, 1.0, -1.0], [-1.0, -1.0, -1.0, 1.0, 1.0, -1.0, 1.0, -1.0, 1.0, 1.0], [-1.0, -1.0, -1.0, 1.0, 1.0, -1.0, 1.0, 1.0, -1.0, -1.0], [-1.0, -1.0, -1.0, 1.0, 1.0, -1.0, 1.0, 1.0, -1.0, 1.0], [-1.0, -1.0, -1.0, 1.0, 1.0, -1.0, 1.0, 1.0, 1.0, -1.0], [-1.0, -1.0, -1.0, 1.0, 1.0, -1.0, 1.0, 1.0, 1.0, 1.0], [-1.0, -1.0, -1.0, 1.0, 1.0, 1.0, -1.0, -1.0, -1.0, -1.0], [-1.0, -1.0, -1.0, 1.0, 1.0, 1.0, -1.0, -1.0, -1.0, 1.0], [-1.0, -1.0, -1.0, 1.0, 1.0, 1.0, -1.0, -1.0, 1.0, -1.0], [-1.0, -1.0, -1.0, 1.0, 1.0, 1.0, -1.0, -1.0, 1.0, 1.0], [-1.0, -1.0, -1.0, 1.0, 1.0, 1.0, -1.0, 1.0, -1.0, -1.0], [-1.0, -1.0, -1.0, 1.0, 1.0, 1.0, -1.0, 1.0, -1.0, 1.0], [-1.0, -1.0, -1.0, 1.0, 1.0, 1.0, -1.0, 1.0, 1.0, -1.0], [-1.0, -1.0, -1.0, 1.0, 1.0, 1.0, -1.0, 1.0, 1.0, 1.0], [-1.0, -1.0, -1.0, 1.0, 1.0, 1.0, 1.0, -1.0, -1.0, -1.0], [-1.0, -1.0, -1.0, 1.0, 1.0, 1.0, 1.0, -1.0, -1.0, 1.0], [-1.0, -1.0, -1.0, 1.0, 1.0, 1.0, 1.0, -1.0, 1.0, -1.0], [-1.0, -1.0, -1.0, 1.0, 1.0, 1.0, 1.0, -1.0, 1.0, 1.0], [-1.0, -1.0, -1.0, 1.0, 1.0, 1.0, 1.0, 1.0, -1.0, -1.0], [-1.0, -1.0, -1.0, 1.0, 1.0, 1.0, 1.0, 1.0, -1.0, 1.0], [-1.0, -1.0, -1.0, 1.0, 1.0, 1.0, 1.0, 1.0, 1.0, -1.0], [-1.0, -1.0, -1.0, 1.0, 1.0, 1.0, 1.0, 1.0, 1.0, 1.0], [-1.0, -1.0, 1.0, -1.0, -1.0, -1.0, -1.0, -1.0, -1.0, -1.0], [-1.0, -1.0, 1.0, -1.0, -1.0, -1.0, -1.0, -1.0, -1.0, 1.0], [-1.0, -1.0, 1.0, -1.0, -1.0, -1.0, -1.0, -1.0, 1.0, -1.0], [-1.0, -1.0, 1.0, -1.0, -1.0, -1.0, -1.0, -1.0, 1.0, 1.0], [-1.0, -1.0, 1.0, -1.0, -1.0, -1.0, -1.0, 1.0, -1.0, -1.0], [-1.0, -1.0, 1.0, -1.0, -1.0, -1.0, -1.0, 1.0, -1.0, 1.0], [-1.0, -1.0, 1.0, -1.0, -1.0, -1.0, -1.0, 1.0, 1.0, -1.0], [-1.0, -1.0, 1.0, -1.0, -1.0, -1.0, -1.0, 1.0, 1.0, 1.0], [-1.0, -1.0, 1.0, -1.0, -1.0, -1.0, 1.0, -1.0, -1.0, -1.0], [-1.0, -1.0, 1.0, -1.0, -1.0, -1.0, 1.0, -1.0, -1.0, 1.0], [-1.0, -1.0, 1.0, -1.0, -1.0, -1.0, 1.0, -1.0, 1.0, -1.0], [-1.0, -1.0, 1.0, -1.0, -1.0, -1.0, 1.0, -1.0, 1.0, 1.0], [-1.0, -1.0, 1.0, -1.0, -1.0, -1.0, 1.0, 1.0, -1.0, -1.0], [-1.0, -1.0, 1.0, -1.0, -1.0, -1.0, 1.0, 1.0, -1.0, 1.0], [-1.0, -1.0, 1.0, -1.0, -1.0, -1.0, 1.0, 1.0, 1.0, -1.0], [-1.0, -1.0, 1.0, -1.0, -1.0, -1.0, 1.0, 1.0, 1.0, 1.0], [-1.0, -1.0, 1.0, -1.0, -1.0, 1.0, -1.0, -1.0, -1.0, -1.0], [-1.0, -1.0, 1.0, -1.0, -1.0, 1.0, -1.0, -1.0, -1.0, 1.0], [-1.0, -1.0, 1.0, -1.0, -1.0, 1.0, -1.0, -1.0, 1.0, -1.0], [-1.0, -1.0, 1.0, -1.0, -1.0, 1.0, -1.0, -1.0, 1.0, 1.0], [-1.0, -1.0, 1.0, -1.0, -1.0, 1.0, -1.0, 1.0, -1.0, -1.0], [-1.0, -1.0, 1.0, -1.0, -1.0, 1.0, -1.0, 1.0, -1.0, 1.0], [-1.0, -1.0, 1.0, -1.0, -1.0, 1.0, -1.0, 1.0, 1.0, -1.0], [-1.0, -1.0, 1.0, -1.0, -1.0, 1.0, -1.0, 1.0, 1.0, 1.0], [-1.0, -1.0, 1.0, -1.0, -1.0, 1.0, 1.0, -1.0, -1.0, -1.0], [-1.0, -1.0, 1.0, -1.0, -1.0, 1.0, 1.0, -1.0, -1.0, 1.0], [-1.0, -1.0, 1.0, -1.0, -1.0, 1.0, 1.0, -1.0, 1.0, -1.0], [-1.0, -1.0, 1.0, -1.0, -1.0, 1.0, 1.0, -1.0, 1.0, 1.0], [-1.0, -1.0, 1.0, -1.0, -1.0, 1.0, 1.0, 1.0, -1.0, -1.0], [-1.0, -1.0, 1.0, -1.0, -1.0, 1.0, 1.0, 1.0, -1.0, 1.0], [-1.0, -1.0, 1.0, -1.0, -1.0, 1.0, 1.0, 1.0, 1.0, -1.0], [-1.0, -1.0, 1.0, -1.0, -1.0, 1.0, 1.0, 1.0, 1.0, 1.0], [-1.0, -1.0, 1.0, -1.0, 1.0, -1.0, -1.0, -1.0, -1.0, -1.0], [-1.0, -1.0, 1.0, -1.0, 1.0, -1.0, -1.0, -1.0, -1.0, 1.0], [-1.0, -1.0, 1.0, -1.0, 1.0, -1.0, -1.0, -1.0, 1.0, -1.0], [-1.0, -1.0, 1.0, -1.0, 1.0, -1.0, -1.0, -1.0, 1.0, 1.0], [-1.0, -1.0, 1.0, -1.0, 1.0, -1.0, -1.0, 1.0, -1.0, -1.0], [-1.0, -1.0, 1.0, -1.0, 1.0, -1.0, -1.0, 1.0, -1.0, 1.0], [-1.0, -1.0, 1.0, -1.0, 1.0, -1.0, -1.0, 1.0, 1.0, -1.0], [-1.0, -1.0, 1.0, -1.0, 1.0, -1.0, -1.0, 1.0, 1.0, 1.0], [-1.0, -1.0, 1.0, -1.0, 1.0, -1.0, 1.0, -1.0, -1.0, -1.0], [-1.0, -1.0, 1.0, -1.0, 1.0, -1.0, 1.0, -1.0, -1.0, 1.0], [-1.0, -1.0, 1.0, -1.0, 1.0, -1.0, 1.0, -1.0, 1.0, -1.0], [-1.0, -1.0, 1.0, -1.0, 1.0, -1.0, 1.0, -1.0, 1.0, 1.0], [-1.0, -1.0, 1.0, -1.0, 1.0, -1.0, 1.0, 1.0, -1.0, -1.0], [-1.0, -1.0, 1.0, -1.0, 1.0, -1.0, 1.0, 1.0, -1.0, 1.0], [-1.0, -1.0, 1.0, -1.0, 1.0, -1.0, 1.0, 1.0, 1.0, -1.0], [-1.0, -1.0, 1.0, -1.0, 1.0, -1.0, 1.0, 1.0, 1.0, 1.0], [-1.0, -1.0, 1.0, -1.0, 1.0, 1.0, -1.0, -1.0, -1.0, -1.0], [-1.0, -1.0, 1.0, -1.0, 1.0, 1.0, -1.0, -1.0, -1.0, 1.0], [-1.0, -1.0, 1.0, -1.0, 1.0, 1.0, -1.0, -1.0, 1.0, -1.0], [-1.0, -1.0, 1.0, -1.0, 1.0, 1.0, -1.0, -1.0, 1.0, 1.0], [-1.0, -1.0, 1.0, -1.0, 1.0, 1.0, -1.0, 1.0, -1.0, -1.0], [-1.0, -1.0, 1.0, -1.0, 1.0, 1.0, -1.0, 1.0, -1.0, 1.0], [-1.0, -1.0, 1.0, -1.0, 1.0, 1.0, -1.0, 1.0, 1.0, -1.0], [-1.0, -1.0, 1.0, -1.0, 1.0, 1.0, -1.0, 1.0, 1.0, 1.0], [-1.0, -1.0, 1.0, -1.0, 1.0, 1.0, 1.0, -1.0, -1.0, -1.0], [-1.0, -1.0, 1.0, -1.0, 1.0, 1.0, 1.0, -1.0, -1.0, 1.0], [-1.0, -1.0, 1.0, -1.0, 1.0, 1.0, 1.0, -1.0, 1.0, -1.0], [-1.0, -1.0, 1.0, -1.0, 1.0, 1.0, 1.0, -1.0, 1.0, 1.0], [-1.0, -1.0, 1.0, -1.0, 1.0, 1.0, 1.0, 1.0, -1.0, -1.0], [-1.0, -1.0, 1.0, -1.0, 1.0, 1.0, 1.0, 1.0, -1.0, 1.0], [-1.0, -1.0, 1.0, -1.0, 1.0, 1.0, 1.0, 1.0, 1.0, -1.0], [-1.0, -1.0, 1.0, -1.0, 1.0, 1.0, 1.0, 1.0, 1.0, 1.0], [-1.0, -1.0, 1.0, 1.0, -1.0, -1.0, -1.0, -1.0, -1.0, -1.0], [-1.0, -1.0, 1.0, 1.0, -1.0, -1.0, -1.0, -1.0, -1.0, 1.0], [-1.0, -1.0, 1.0, 1.0, -1.0, -1.0, -1.0, -1.0, 1.0, -1.0], [-1.0, -1.0, 1.0, 1.0, -1.0, -1.0, -1.0, -1.0, 1.0, 1.0], [-1.0, -1.0, 1.0, 1.0, -1.0, -1.0, -1.0, 1.0, -1.0, -1.0], [-1.0, -1.0, 1.0, 1.0, -1.0, -1.0, -1.0, 1.0, -1.0, 1.0], [-1.0, -1.0, 1.0, 1.0, -1.0, -1.0, -1.0, 1.0, 1.0, -1.0], [-1.0, -1.0, 1.0, 1.0, -1.0, -1.0, -1.0, 1.0, 1.0, 1.0], [-1.0, -1.0, 1.0, 1.0, -1.0, -1.0, 1.0, -1.0, -1.0, -1.0], [-1.0, -1.0, 1.0, 1.0, -1.0, -1.0, 1.0, -1.0, -1.0, 1.0], [-1.0, -1.0, 1.0, 1.0, -1.0, -1.0, 1.0, -1.0, 1.0, -1.0], [-1.0, -1.0, 1.0, 1.0, -1.0, -1.0, 1.0, -1.0, 1.0, 1.0], [-1.0, -1.0, 1.0, 1.0, -1.0, -1.0, 1.0, 1.0, -1.0, -1.0], [-1.0, -1.0, 1.0, 1.0, -1.0, -1.0, 1.0, 1.0, -1.0, 1.0], [-1.0, -1.0, 1.0, 1.0, -1.0, -1.0, 1.0, 1.0, 1.0, -1.0], [-1.0, -1.0, 1.0, 1.0, -1.0, -1.0, 1.0, 1.0, 1.0, 1.0], [-1.0, -1.0, 1.0, 1.0, -1.0, 1.0, -1.0, -1.0, -1.0, -1.0], [-1.0, -1.0, 1.0, 1.0, -1.0, 1.0, -1.0, -1.0, -1.0, 1.0], [-1.0, -1.0, 1.0, 1.0, -1.0, 1.0, -1.0, -1.0, 1.0, -1.0], [-1.0, -1.0, 1.0, 1.0, -1.0, 1.0, -1.0, -1.0, 1.0, 1.0], [-1.0, -1.0, 1.0, 1.0, -1.0, 1.0, -1.0, 1.0, -1.0, -1.0], [-1.0, -1.0, 1.0, 1.0, -1.0, 1.0, -1.0, 1.0, -1.0, 1.0], [-1.0, -1.0, 1.0, 1.0, -1.0, 1.0, -1.0, 1.0, 1.0, -1.0], [-1.0, -1.0, 1.0, 1.0, -1.0, 1.0, -1.0, 1.0, 1.0, 1.0], [-1.0, -1.0, 1.0, 1.0, -1.0, 1.0, 1.0, -1.0, -1.0, -1.0], [-1.0, -1.0, 1.0, 1.0, -1.0, 1.0, 1.0, -1.0, -1.0, 1.0], [-1.0, -1.0, 1.0, 1.0, -1.0, 1.0, 1.0, -1.0, 1.0, -1.0], [-1.0, -1.0, 1.0, 1.0, -1.0, 1.0, 1.0, -1.0, 1.0, 1.0], [-1.0, -1.0, 1.0, 1.0, -1.0, 1.0, 1.0, 1.0, -1.0, -1.0], [-1.0, -1.0, 1.0, 1.0, -1.0, 1.0, 1.0, 1.0, -1.0, 1.0], [-1.0, -1.0, 1.0, 1.0, -1.0, 1.0, 1.0, 1.0, 1.0, -1.0], [-1.0, -1.0, 1.0, 1.0, -1.0, 1.0, 1.0, 1.0, 1.0, 1.0], [-1.0, -1.0, 1.0, 1.0, 1.0, -1.0, -1.0, -1.0, -1.0, -1.0], [-1.0, -1.0, 1.0, 1.0, 1.0, -1.0, -1.0, -1.0, -1.0, 1.0], [-1.0, -1.0, 1.0, 1.0, 1.0, -1.0, -1.0, -1.0, 1.0, -1.0], [-1.0, -1.0, 1.0, 1.0, 1.0, -1.0, -1.0, -1.0, 1.0, 1.0], [-1.0, -1.0, 1.0, 1.0, 1.0, -1.0, -1.0, 1.0, -1.0, -1.0], [-1.0, -1.0, 1.0, 1.0, 1.0, -1.0, -1.0, 1.0, -1.0, 1.0], [-1.0, -1.0, 1.0, 1.0, 1.0, -1.0, -1.0, 1.0, 1.0, -1.0], [-1.0, -1.0, 1.0, 1.0, 1.0, -1.0, -1.0, 1.0, 1.0, 1.0], [-1.0, -1.0, 1.0, 1.0, 1.0, -1.0, 1.0, -1.0, -1.0, -1.0], [-1.0, -1.0, 1.0, 1.0, 1.0, -1.0, 1.0, -1.0, -1.0, 1.0], [-1.0, -1.0, 1.0, 1.0, 1.0, -1.0, 1.0, -1.0, 1.0, -1.0], [-1.0, -1.0, 1.0, 1.0, 1.0, -1.0, 1.0, -1.0, 1.0, 1.0], [-1.0, -1.0, 1.0, 1.0, 1.0, -1.0, 1.0, 1.0, -1.0, -1.0], [-1.0, -1.0, 1.0, 1.0, 1.0, -1.0, 1.0, 1.0, -1.0, 1.0], [-1.0, -1.0, 1.0, 1.0, 1.0, -1.0, 1.0, 1.0, 1.0, -1.0], [-1.0, -1.0, 1.0, 1.0, 1.0, -1.0, 1.0, 1.0, 1.0, 1.0], [-1.0, -1.0, 1.0, 1.0, 1.0, 1.0, -1.0, -1.0, -1.0, -1.0], [-1.0, -1.0, 1.0, 1.0, 1.0, 1.0, -1.0, -1.0, -1.0, 1.0], [-1.0, -1.0, 1.0, 1.0, 1.0, 1.0, -1.0, -1.0, 1.0, -1.0], [-1.0, -1.0, 1.0, 1.0, 1.0, 1.0, -1.0, -1.0, 1.0, 1.0], [-1.0, -1.0, 1.0, 1.0, 1.0, 1.0, -1.0, 1.0, -1.0, -1.0], [-1.0, -1.0, 1.0, 1.0, 1.0, 1.0, -1.0, 1.0, -1.0, 1.0], [-1.0, -1.0, 1.0, 1.0, 1.0, 1.0, -1.0, 1.0, 1.0, -1.0], [-1.0, -1.0, 1.0, 1.0, 1.0, 1.0, -1.0, 1.0, 1.0, 1.0], [-1.0, -1.0, 1.0, 1.0, 1.0, 1.0, 1.0, -1.0, -1.0, -1.0], [-1.0, -1.0, 1.0, 1.0, 1.0, 1.0, 1.0, -1.0, -1.0, 1.0], [-1.0, -1.0, 1.0, 1.0, 1.0, 1.0, 1.0, -1.0, 1.0, -1.0], [-1.0, -1.0, 1.0, 1.0, 1.0, 1.0, 1.0, -1.0, 1.0, 1.0], [-1.0, -1.0, 1.0, 1.0, 1.0, 1.0, 1.0, 1.0, -1.0, -1.0], [-1.0, -1.0, 1.0, 1.0, 1.0, 1.0, 1.0, 1.0, -1.0, 1.0], [-1.0, -1.0, 1.0, 1.0, 1.0, 1.0, 1.0, 1.0, 1.0, -1.0], [-1.0, -1.0, 1.0, 1.0, 1.0, 1.0, 1.0, 1.0, 1.0, 1.0], [-1.0, 1.0, -1.0, -1.0, -1.0, -1.0, -1.0, -1.0, -1.0, -1.0], [-1.0, 1.0, -1.0, -1.0, -1.0, -1.0, -1.0, -1.0, -1.0, 1.0], [-1.0, 1.0, -1.0, -1.0, -1.0, -1.0, -1.0, -1.0, 1.0, -1.0], [-1.0, 1.0, -1.0, -1.0, -1.0, -1.0, -1.0, -1.0, 1.0, 1.0], [-1.0, 1.0, -1.0, -1.0, -1.0, -1.0, -1.0, 1.0, -1.0, -1.0], [-1.0, 1.0, -1.0, -1.0, -1.0, -1.0, -1.0, 1.0, -1.0, 1.0], [-1.0, 1.0, -1.0, -1.0, -1.0, -1.0, -1.0, 1.0, 1.0, -1.0], [-1.0, 1.0, -1.0, -1.0, -1.0, -1.0, -1.0, 1.0, 1.0, 1.0], [-1.0, 1.0, -1.0, -1.0, -1.0, -1.0, 1.0, -1.0, -1.0, -1.0], [-1.0, 1.0, -1.0, -1.0, -1.0, -1.0, 1.0, -1.0, -1.0, 1.0], [-1.0, 1.0, -1.0, -1.0, -1.0, -1.0, 1.0, -1.0, 1.0, -1.0], [-1.0, 1.0, -1.0, -1.0, -1.0, -1.0, 1.0, -1.0, 1.0, 1.0], [-1.0, 1.0, -1.0, -1.0, -1.0, -1.0, 1.0, 1.0, -1.0, -1.0], [-1.0, 1.0, -1.0, -1.0, -1.0, -1.0, 1.0, 1.0, -1.0, 1.0], [-1.0, 1.0, -1.0, -1.0, -1.0, -1.0, 1.0, 1.0, 1.0, -1.0], [-1.0, 1.0, -1.0, -1.0, -1.0, -1.0, 1.0, 1.0, 1.0, 1.0], [-1.0, 1.0, -1.0, -1.0, -1.0, 1.0, -1.0, -1.0, -1.0, -1.0], [-1.0, 1.0, -1.0, -1.0, -1.0, 1.0, -1.0, -1.0, -1.0, 1.0], [-1.0, 1.0, -1.0, -1.0, -1.0, 1.0, -1.0, -1.0, 1.0, -1.0], [-1.0, 1.0, -1.0, -1.0, -1.0, 1.0, -1.0, -1.0, 1.0, 1.0], [-1.0, 1.0, -1.0, -1.0, -1.0, 1.0, -1.0, 1.0, -1.0, -1.0], [-1.0, 1.0, -1.0, -1.0, -1.0, 1.0, -1.0, 1.0, -1.0, 1.0], [-1.0, 1.0, -1.0, -1.0, -1.0, 1.0, -1.0, 1.0, 1.0, -1.0], [-1.0, 1.0, -1.0, -1.0, -1.0, 1.0, -1.0, 1.0, 1.0, 1.0], [-1.0, 1.0, -1.0, -1.0, -1.0, 1.0, 1.0, -1.0, -1.0, -1.0], [-1.0, 1.0, -1.0, -1.0, -1.0, 1.0, 1.0, -1.0, -1.0, 1.0], [-1.0, 1.0, -1.0, -1.0, -1.0, 1.0, 1.0, -1.0, 1.0, -1.0], [-1.0, 1.0, -1.0, -1.0, -1.0, 1.0, 1.0, -1.0, 1.0, 1.0], [-1.0, 1.0, -1.0, -1.0, -1.0, 1.0, 1.0, 1.0, -1.0, -1.0], [-1.0, 1.0, -1.0, -1.0, -1.0, 1.0, 1.0, 1.0, -1.0, 1.0], [-1.0, 1.0, -1.0, -1.0, -1.0, 1.0, 1.0, 1.0, 1.0, -1.0], [-1.0, 1.0, -1.0, -1.0, -1.0, 1.0, 1.0, 1.0, 1.0, 1.0], [-1.0, 1.0, -1.0, -1.0, 1.0, -1.0, -1.0, -1.0, -1.0, -1.0], [-1.0, 1.0, -1.0, -1.0, 1.0, -1.0, -1.0, -1.0, -1.0, 1.0], [-1.0, 1.0, -1.0, -1.0, 1.0, -1.0, -1.0, -1.0, 1.0, -1.0], [-1.0, 1.0, -1.0, -1.0, 1.0, -1.0, -1.0, -1.0, 1.0, 1.0], [-1.0, 1.0, -1.0, -1.0, 1.0, -1.0, -1.0, 1.0, -1.0, -1.0], [-1.0, 1.0, -1.0, -1.0, 1.0, -1.0, -1.0, 1.0, -1.0, 1.0], [-1.0, 1.0, -1.0, -1.0, 1.0, -1.0, -1.0, 1.0, 1.0, -1.0], [-1.0, 1.0, -1.0, -1.0, 1.0, -1.0, -1.0, 1.0, 1.0, 1.0], [-1.0, 1.0, -1.0, -1.0, 1.0, -1.0, 1.0, -1.0, -1.0, -1.0], [-1.0, 1.0, -1.0, -1.0, 1.0, -1.0, 1.0, -1.0, -1.0, 1.0], [-1.0, 1.0, -1.0, -1.0, 1.0, -1.0, 1.0, -1.0, 1.0, -1.0], [-1.0, 1.0, -1.0, -1.0, 1.0, -1.0, 1.0, -1.0, 1.0, 1.0], [-1.0, 1.0, -1.0, -1.0, 1.0, -1.0, 1.0, 1.0, -1.0, -1.0], [-1.0, 1.0, -1.0, -1.0, 1.0, -1.0, 1.0, 1.0, -1.0, 1.0], [-1.0, 1.0, -1.0, -1.0, 1.0, -1.0, 1.0, 1.0, 1.0, -1.0], [-1.0, 1.0, -1.0, -1.0, 1.0, -1.0, 1.0, 1.0, 1.0, 1.0], [-1.0, 1.0, -1.0, -1.0, 1.0, 1.0, -1.0, -1.0, -1.0, -1.0], [-1.0, 1.0, -1.0, -1.0, 1.0, 1.0, -1.0, -1.0, -1.0, 1.0], [-1.0, 1.0, -1.0, -1.0, 1.0, 1.0, -1.0, -1.0, 1.0, -1.0], [-1.0, 1.0, -1.0, -1.0, 1.0, 1.0, -1.0, -1.0, 1.0, 1.0], [-1.0, 1.0, -1.0, -1.0, 1.0, 1.0, -1.0, 1.0, -1.0, -1.0], [-1.0, 1.0, -1.0, -1.0, 1.0, 1.0, -1.0, 1.0, -1.0, 1.0], [-1.0, 1.0, -1.0, -1.0, 1.0, 1.0, -1.0, 1.0, 1.0, -1.0], [-1.0, 1.0, -1.0, -1.0, 1.0, 1.0, -1.0, 1.0, 1.0, 1.0], [-1.0, 1.0, -1.0, -1.0, 1.0, 1.0, 1.0, -1.0, -1.0, -1.0], [-1.0, 1.0, -1.0, -1.0, 1.0, 1.0, 1.0, -1.0, -1.0, 1.0], [-1.0, 1.0, -1.0, -1.0, 1.0, 1.0, 1.0, -1.0, 1.0, -1.0], [-1.0, 1.0, -1.0, -1.0, 1.0, 1.0, 1.0, -1.0, 1.0, 1.0], [-1.0, 1.0, -1.0, -1.0, 1.0, 1.0, 1.0, 1.0, -1.0, -1.0], [-1.0, 1.0, -1.0, -1.0, 1.0, 1.0, 1.0, 1.0, -1.0, 1.0], [-1.0, 1.0, -1.0, -1.0, 1.0, 1.0, 1.0, 1.0, 1.0, -1.0], [-1.0, 1.0, -1.0, -1.0, 1.0, 1.0, 1.0, 1.0, 1.0, 1.0], [-1.0, 1.0, -1.0, 1.0, -1.0, -1.0, -1.0, -1.0, -1.0, -1.0], [-1.0, 1.0, -1.0, 1.0, -1.0, -1.0, -1.0, -1.0, -1.0, 1.0], [-1.0, 1.0, -1.0, 1.0, -1.0, -1.0, -1.0, -1.0, 1.0, -1.0], [-1.0, 1.0, -1.0, 1.0, -1.0, -1.0, -1.0, -1.0, 1.0, 1.0], [-1.0, 1.0, -1.0, 1.0, -1.0, -1.0, -1.0, 1.0, -1.0, -1.0], [-1.0, 1.0, -1.0, 1.0, -1.0, -1.0, -1.0, 1.0, -1.0, 1.0], [-1.0, 1.0, -1.0, 1.0, -1.0, -1.0, -1.0, 1.0, 1.0, -1.0], [-1.0, 1.0, -1.0, 1.0, -1.0, -1.0, -1.0, 1.0, 1.0, 1.0], [-1.0, 1.0, -1.0, 1.0, -1.0, -1.0, 1.0, -1.0, -1.0, -1.0], [-1.0, 1.0, -1.0, 1.0, -1.0, -1.0, 1.0, -1.0, -1.0, 1.0], [-1.0, 1.0, -1.0, 1.0, -1.0, -1.0, 1.0, -1.0, 1.0, -1.0], [-1.0, 1.0, -1.0, 1.0, -1.0, -1.0, 1.0, -1.0, 1.0, 1.0], [-1.0, 1.0, -1.0, 1.0, -1.0, -1.0, 1.0, 1.0, -1.0, -1.0], [-1.0, 1.0, -1.0, 1.0, -1.0, -1.0, 1.0, 1.0, -1.0, 1.0], [-1.0, 1.0, -1.0, 1.0, -1.0, -1.0, 1.0, 1.0, 1.0, -1.0], [-1.0, 1.0, -1.0, 1.0, -1.0, -1.0, 1.0, 1.0, 1.0, 1.0], [-1.0, 1.0, -1.0, 1.0, -1.0, 1.0, -1.0, -1.0, -1.0, -1.0], [-1.0, 1.0, -1.0, 1.0, -1.0, 1.0, -1.0, -1.0, -1.0, 1.0], [-1.0, 1.0, -1.0, 1.0, -1.0, 1.0, -1.0, -1.0, 1.0, -1.0], [-1.0, 1.0, -1.0, 1.0, -1.0, 1.0, -1.0, -1.0, 1.0, 1.0], [-1.0, 1.0, -1.0, 1.0, -1.0, 1.0, -1.0, 1.0, -1.0, -1.0], [-1.0, 1.0, -1.0, 1.0, -1.0, 1.0, -1.0, 1.0, -1.0, 1.0], [-1.0, 1.0, -1.0, 1.0, -1.0, 1.0, -1.0, 1.0, 1.0, -1.0], [-1.0, 1.0, -1.0, 1.0, -1.0, 1.0, -1.0, 1.0, 1.0, 1.0], [-1.0, 1.0, -1.0, 1.0, -1.0, 1.0, 1.0, -1.0, -1.0, -1.0], [-1.0, 1.0, -1.0, 1.0, -1.0, 1.0, 1.0, -1.0, -1.0, 1.0], [-1.0, 1.0, -1.0, 1.0, -1.0, 1.0, 1.0, -1.0, 1.0, -1.0], [-1.0, 1.0, -1.0, 1.0, -1.0, 1.0, 1.0, -1.0, 1.0, 1.0], [-1.0, 1.0, -1.0, 1.0, -1.0, 1.0, 1.0, 1.0, -1.0, -1.0], [-1.0, 1.0, -1.0, 1.0, -1.0, 1.0, 1.0, 1.0, -1.0, 1.0], [-1.0, 1.0, -1.0, 1.0, -1.0, 1.0, 1.0, 1.0, 1.0, -1.0], [-1.0, 1.0, -1.0, 1.0, -1.0, 1.0, 1.0, 1.0, 1.0, 1.0], [-1.0, 1.0, -1.0, 1.0, 1.0, -1.0, -1.0, -1.0, -1.0, -1.0], [-1.0, 1.0, -1.0, 1.0, 1.0, -1.0, -1.0, -1.0, -1.0, 1.0], [-1.0, 1.0, -1.0, 1.0, 1.0, -1.0, -1.0, -1.0, 1.0, -1.0], [-1.0, 1.0, -1.0, 1.0, 1.0, -1.0, -1.0, -1.0, 1.0, 1.0], [-1.0, 1.0, -1.0, 1.0, 1.0, -1.0, -1.0, 1.0, -1.0, -1.0], [-1.0, 1.0, -1.0, 1.0, 1.0, -1.0, -1.0, 1.0, -1.0, 1.0], [-1.0, 1.0, -1.0, 1.0, 1.0, -1.0, -1.0, 1.0, 1.0, -1.0], [-1.0, 1.0, -1.0, 1.0, 1.0, -1.0, -1.0, 1.0, 1.0, 1.0], [-1.0, 1.0, -1.0, 1.0, 1.0, -1.0, 1.0, -1.0, -1.0, -1.0], [-1.0, 1.0, -1.0, 1.0, 1.0, -1.0, 1.0, -1.0, -1.0, 1.0], [-1.0, 1.0, -1.0, 1.0, 1.0, -1.0, 1.0, -1.0, 1.0, -1.0], [-1.0, 1.0, -1.0, 1.0, 1.0, -1.0, 1.0, -1.0, 1.0, 1.0], [-1.0, 1.0, -1.0, 1.0, 1.0, -1.0, 1.0, 1.0, -1.0, -1.0], [-1.0, 1.0, -1.0, 1.0, 1.0, -1.0, 1.0, 1.0, -1.0, 1.0], [-1.0, 1.0, -1.0, 1.0, 1.0, -1.0, 1.0, 1.0, 1.0, -1.0], [-1.0, 1.0, -1.0, 1.0, 1.0, -1.0, 1.0, 1.0, 1.0, 1.0], [-1.0, 1.0, -1.0, 1.0, 1.0, 1.0, -1.0, -1.0, -1.0, -1.0], [-1.0, 1.0, -1.0, 1.0, 1.0, 1.0, -1.0, -1.0, -1.0, 1.0], [-1.0, 1.0, -1.0, 1.0, 1.0, 1.0, -1.0, -1.0, 1.0, -1.0], [-1.0, 1.0, -1.0, 1.0, 1.0, 1.0, -1.0, -1.0, 1.0, 1.0], [-1.0, 1.0, -1.0, 1.0, 1.0, 1.0, -1.0, 1.0, -1.0, -1.0], [-1.0, 1.0, -1.0, 1.0, 1.0, 1.0, -1.0, 1.0, -1.0, 1.0], [-1.0, 1.0, -1.0, 1.0, 1.0, 1.0, -1.0, 1.0, 1.0, -1.0], [-1.0, 1.0, -1.0, 1.0, 1.0, 1.0, -1.0, 1.0, 1.0, 1.0], [-1.0, 1.0, -1.0, 1.0, 1.0, 1.0, 1.0, -1.0, -1.0, -1.0], [-1.0, 1.0, -1.0, 1.0, 1.0, 1.0, 1.0, -1.0, -1.0, 1.0], [-1.0, 1.0, -1.0, 1.0, 1.0, 1.0, 1.0, -1.0, 1.0, -1.0], [-1.0, 1.0, -1.0, 1.0, 1.0, 1.0, 1.0, -1.0, 1.0, 1.0], [-1.0, 1.0, -1.0, 1.0, 1.0, 1.0, 1.0, 1.0, -1.0, -1.0], [-1.0, 1.0, -1.0, 1.0, 1.0, 1.0, 1.0, 1.0, -1.0, 1.0], [-1.0, 1.0, -1.0, 1.0, 1.0, 1.0, 1.0, 1.0, 1.0, -1.0], [-1.0, 1.0, -1.0, 1.0, 1.0, 1.0, 1.0, 1.0, 1.0, 1.0], [-1.0, 1.0, 1.0, -1.0, -1.0, -1.0, -1.0, -1.0, -1.0, -1.0], [-1.0, 1.0, 1.0, -1.0, -1.0, -1.0, -1.0, -1.0, -1.0, 1.0], [-1.0, 1.0, 1.0, -1.0, -1.0, -1.0, -1.0, -1.0, 1.0, -1.0], [-1.0, 1.0, 1.0, -1.0, -1.0, -1.0, -1.0, -1.0, 1.0, 1.0], [-1.0, 1.0, 1.0, -1.0, -1.0, -1.0, -1.0, 1.0, -1.0, -1.0], [-1.0, 1.0, 1.0, -1.0, -1.0, -1.0, -1.0, 1.0, -1.0, 1.0], [-1.0, 1.0, 1.0, -1.0, -1.0, -1.0, -1.0, 1.0, 1.0, -1.0], [-1.0, 1.0, 1.0, -1.0, -1.0, -1.0, -1.0, 1.0, 1.0, 1.0], [-1.0, 1.0, 1.0, -1.0, -1.0, -1.0, 1.0, -1.0, -1.0, -1.0], [-1.0, 1.0, 1.0, -1.0, -1.0, -1.0, 1.0, -1.0, -1.0, 1.0], [-1.0, 1.0, 1.0, -1.0, -1.0, -1.0, 1.0, -1.0, 1.0, -1.0], [-1.0, 1.0, 1.0, -1.0, -1.0, -1.0, 1.0, -1.0, 1.0, 1.0], [-1.0, 1.0, 1.0, -1.0, -1.0, -1.0, 1.0, 1.0, -1.0, -1.0], [-1.0, 1.0, 1.0, -1.0, -1.0, -1.0, 1.0, 1.0, -1.0, 1.0], [-1.0, 1.0, 1.0, -1.0, -1.0, -1.0, 1.0, 1.0, 1.0, -1.0], [-1.0, 1.0, 1.0, -1.0, -1.0, -1.0, 1.0, 1.0, 1.0, 1.0], [-1.0, 1.0, 1.0, -1.0, -1.0, 1.0, -1.0, -1.0, -1.0, -1.0], [-1.0, 1.0, 1.0, -1.0, -1.0, 1.0, -1.0, -1.0, -1.0, 1.0], [-1.0, 1.0, 1.0, -1.0, -1.0, 1.0, -1.0, -1.0, 1.0, -1.0], [-1.0, 1.0, 1.0, -1.0, -1.0, 1.0, -1.0, -1.0, 1.0, 1.0], [-1.0, 1.0, 1.0, -1.0, -1.0, 1.0, -1.0, 1.0, -1.0, -1.0], [-1.0, 1.0, 1.0, -1.0, -1.0, 1.0, -1.0, 1.0, -1.0, 1.0], [-1.0, 1.0, 1.0, -1.0, -1.0, 1.0, -1.0, 1.0, 1.0, -1.0], [-1.0, 1.0, 1.0, -1.0, -1.0, 1.0, -1.0, 1.0, 1.0, 1.0], [-1.0, 1.0, 1.0, -1.0, -1.0, 1.0, 1.0, -1.0, -1.0, -1.0], [-1.0, 1.0, 1.0, -1.0, -1.0, 1.0, 1.0, -1.0, -1.0, 1.0], [-1.0, 1.0, 1.0, -1.0, -1.0, 1.0, 1.0, -1.0, 1.0, -1.0], [-1.0, 1.0, 1.0, -1.0, -1.0, 1.0, 1.0, -1.0, 1.0, 1.0], [-1.0, 1.0, 1.0, -1.0, -1.0, 1.0, 1.0, 1.0, -1.0, -1.0], [-1.0, 1.0, 1.0, -1.0, -1.0, 1.0, 1.0, 1.0, -1.0, 1.0], [-1.0, 1.0, 1.0, -1.0, -1.0, 1.0, 1.0, 1.0, 1.0, -1.0], [-1.0, 1.0, 1.0, -1.0, -1.0, 1.0, 1.0, 1.0, 1.0, 1.0], [-1.0, 1.0, 1.0, -1.0, 1.0, -1.0, -1.0, -1.0, -1.0, -1.0], [-1.0, 1.0, 1.0, -1.0, 1.0, -1.0, -1.0, -1.0, -1.0, 1.0], [-1.0, 1.0, 1.0, -1.0, 1.0, -1.0, -1.0, -1.0, 1.0, -1.0], [-1.0, 1.0, 1.0, -1.0, 1.0, -1.0, -1.0, -1.0, 1.0, 1.0], [-1.0, 1.0, 1.0, -1.0, 1.0, -1.0, -1.0, 1.0, -1.0, -1.0], [-1.0, 1.0, 1.0, -1.0, 1.0, -1.0, -1.0, 1.0, -1.0, 1.0], [-1.0, 1.0, 1.0, -1.0, 1.0, -1.0, -1.0, 1.0, 1.0, -1.0], [-1.0, 1.0, 1.0, -1.0, 1.0, -1.0, -1.0, 1.0, 1.0, 1.0], [-1.0, 1.0, 1.0, -1.0, 1.0, -1.0, 1.0, -1.0, -1.0, -1.0], [-1.0, 1.0, 1.0, -1.0, 1.0, -1.0, 1.0, -1.0, -1.0, 1.0], [-1.0, 1.0, 1.0, -1.0, 1.0, -1.0, 1.0, -1.0, 1.0, -1.0], [-1.0, 1.0, 1.0, -1.0, 1.0, -1.0, 1.0, -1.0, 1.0, 1.0], [-1.0, 1.0, 1.0, -1.0, 1.0, -1.0, 1.0, 1.0, -1.0, -1.0], [-1.0, 1.0, 1.0, -1.0, 1.0, -1.0, 1.0, 1.0, -1.0, 1.0], [-1.0, 1.0, 1.0, -1.0, 1.0, -1.0, 1.0, 1.0, 1.0, -1.0], [-1.0, 1.0, 1.0, -1.0, 1.0, -1.0, 1.0, 1.0, 1.0, 1.0], [-1.0, 1.0, 1.0, -1.0, 1.0, 1.0, -1.0, -1.0, -1.0, -1.0], [-1.0, 1.0, 1.0, -1.0, 1.0, 1.0, -1.0, -1.0, -1.0, 1.0], [-1.0, 1.0, 1.0, -1.0, 1.0, 1.0, -1.0, -1.0, 1.0, -1.0], [-1.0, 1.0, 1.0, -1.0, 1.0, 1.0, -1.0, -1.0, 1.0, 1.0], [-1.0, 1.0, 1.0, -1.0, 1.0, 1.0, -1.0, 1.0, -1.0, -1.0], [-1.0, 1.0, 1.0, -1.0, 1.0, 1.0, -1.0, 1.0, -1.0, 1.0], [-1.0, 1.0, 1.0, -1.0, 1.0, 1.0, -1.0, 1.0, 1.0, -1.0], [-1.0, 1.0, 1.0, -1.0, 1.0, 1.0, -1.0, 1.0, 1.0, 1.0], [-1.0, 1.0, 1.0, -1.0, 1.0, 1.0, 1.0, -1.0, -1.0, -1.0], [-1.0, 1.0, 1.0, -1.0, 1.0, 1.0, 1.0, -1.0, -1.0, 1.0], [-1.0, 1.0, 1.0, -1.0, 1.0, 1.0, 1.0, -1.0, 1.0, -1.0], [-1.0, 1.0, 1.0, -1.0, 1.0, 1.0, 1.0, -1.0, 1.0, 1.0], [-1.0, 1.0, 1.0, -1.0, 1.0, 1.0, 1.0, 1.0, -1.0, -1.0], [-1.0, 1.0, 1.0, -1.0, 1.0, 1.0, 1.0, 1.0, -1.0, 1.0], [-1.0, 1.0, 1.0, -1.0, 1.0, 1.0, 1.0, 1.0, 1.0, -1.0], [-1.0, 1.0, 1.0, -1.0, 1.0, 1.0, 1.0, 1.0, 1.0, 1.0], [-1.0, 1.0, 1.0, 1.0, -1.0, -1.0, -1.0, -1.0, -1.0, -1.0], [-1.0, 1.0, 1.0, 1.0, -1.0, -1.0, -1.0, -1.0, -1.0, 1.0], [-1.0, 1.0, 1.0, 1.0, -1.0, -1.0, -1.0, -1.0, 1.0, -1.0], [-1.0, 1.0, 1.0, 1.0, -1.0, -1.0, -1.0, -1.0, 1.0, 1.0], [-1.0, 1.0, 1.0, 1.0, -1.0, -1.0, -1.0, 1.0, -1.0, -1.0], [-1.0, 1.0, 1.0, 1.0, -1.0, -1.0, -1.0, 1.0, -1.0, 1.0], [-1.0, 1.0, 1.0, 1.0, -1.0, -1.0, -1.0, 1.0, 1.0, -1.0], [-1.0, 1.0, 1.0, 1.0, -1.0, -1.0, -1.0, 1.0, 1.0, 1.0], [-1.0, 1.0, 1.0, 1.0, -1.0, -1.0, 1.0, -1.0, -1.0, -1.0], [-1.0, 1.0, 1.0, 1.0, -1.0, -1.0, 1.0, -1.0, -1.0, 1.0], [-1.0, 1.0, 1.0, 1.0, -1.0, -1.0, 1.0, -1.0, 1.0, -1.0], [-1.0, 1.0, 1.0, 1.0, -1.0, -1.0, 1.0, -1.0, 1.0, 1.0], [-1.0, 1.0, 1.0, 1.0, -1.0, -1.0, 1.0, 1.0, -1.0, -1.0], [-1.0, 1.0, 1.0, 1.0, -1.0, -1.0, 1.0, 1.0, -1.0, 1.0], [-1.0, 1.0, 1.0, 1.0, -1.0, -1.0, 1.0, 1.0, 1.0, -1.0], [-1.0, 1.0, 1.0, 1.0, -1.0, -1.0, 1.0, 1.0, 1.0, 1.0], [-1.0, 1.0, 1.0, 1.0, -1.0, 1.0, -1.0, -1.0, -1.0, -1.0], [-1.0, 1.0, 1.0, 1.0, -1.0, 1.0, -1.0, -1.0, -1.0, 1.0], [-1.0, 1.0, 1.0, 1.0, -1.0, 1.0, -1.0, -1.0, 1.0, -1.0], [-1.0, 1.0, 1.0, 1.0, -1.0, 1.0, -1.0, -1.0, 1.0, 1.0], [-1.0, 1.0, 1.0, 1.0, -1.0, 1.0, -1.0, 1.0, -1.0, -1.0], [-1.0, 1.0, 1.0, 1.0, -1.0, 1.0, -1.0, 1.0, -1.0, 1.0], [-1.0, 1.0, 1.0, 1.0, -1.0, 1.0, -1.0, 1.0, 1.0, -1.0], [-1.0, 1.0, 1.0, 1.0, -1.0, 1.0, -1.0, 1.0, 1.0, 1.0], [-1.0, 1.0, 1.0, 1.0, -1.0, 1.0, 1.0, -1.0, -1.0, -1.0], [-1.0, 1.0, 1.0, 1.0, -1.0, 1.0, 1.0, -1.0, -1.0, 1.0], [-1.0, 1.0, 1.0, 1.0, -1.0, 1.0, 1.0, -1.0, 1.0, -1.0], [-1.0, 1.0, 1.0, 1.0, -1.0, 1.0, 1.0, -1.0, 1.0, 1.0], [-1.0, 1.0, 1.0, 1.0, -1.0, 1.0, 1.0, 1.0, -1.0, -1.0], [-1.0, 1.0, 1.0, 1.0, -1.0, 1.0, 1.0, 1.0, -1.0, 1.0], [-1.0, 1.0, 1.0, 1.0, -1.0, 1.0, 1.0, 1.0, 1.0, -1.0], [-1.0, 1.0, 1.0, 1.0, -1.0, 1.0, 1.0, 1.0, 1.0, 1.0], [-1.0, 1.0, 1.0, 1.0, 1.0, -1.0, -1.0, -1.0, -1.0, -1.0], [-1.0, 1.0, 1.0, 1.0, 1.0, -1.0, -1.0, -1.0, -1.0, 1.0], [-1.0, 1.0, 1.0, 1.0, 1.0, -1.0, -1.0, -1.0, 1.0, -1.0], [-1.0, 1.0, 1.0, 1.0, 1.0, -1.0, -1.0, -1.0, 1.0, 1.0], [-1.0, 1.0, 1.0, 1.0, 1.0, -1.0, -1.0, 1.0, -1.0, -1.0], [-1.0, 1.0, 1.0, 1.0, 1.0, -1.0, -1.0, 1.0, -1.0, 1.0], [-1.0, 1.0, 1.0, 1.0, 1.0, -1.0, -1.0, 1.0, 1.0, -1.0], [-1.0, 1.0, 1.0, 1.0, 1.0, -1.0, -1.0, 1.0, 1.0, 1.0], [-1.0, 1.0, 1.0, 1.0, 1.0, -1.0, 1.0, -1.0, -1.0, -1.0], [-1.0, 1.0, 1.0, 1.0, 1.0, -1.0, 1.0, -1.0, -1.0, 1.0], [-1.0, 1.0, 1.0, 1.0, 1.0, -1.0, 1.0, -1.0, 1.0, -1.0], [-1.0, 1.0, 1.0, 1.0, 1.0, -1.0, 1.0, -1.0, 1.0, 1.0], [-1.0, 1.0, 1.0, 1.0, 1.0, -1.0, 1.0, 1.0, -1.0, -1.0], [-1.0, 1.0, 1.0, 1.0, 1.0, -1.0, 1.0, 1.0, -1.0, 1.0], [-1.0, 1.0, 1.0, 1.0, 1.0, -1.0, 1.0, 1.0, 1.0, -1.0], [-1.0, 1.0, 1.0, 1.0, 1.0, -1.0, 1.0, 1.0, 1.0, 1.0], [-1.0, 1.0, 1.0, 1.0, 1.0, 1.0, -1.0, -1.0, -1.0, -1.0], [-1.0, 1.0, 1.0, 1.0, 1.0, 1.0, -1.0, -1.0, -1.0, 1.0], [-1.0, 1.0, 1.0, 1.0, 1.0, 1.0, -1.0, -1.0, 1.0, -1.0], [-1.0, 1.0, 1.0, 1.0, 1.0, 1.0, -1.0, -1.0, 1.0, 1.0], [-1.0, 1.0, 1.0, 1.0, 1.0, 1.0, -1.0, 1.0, -1.0, -1.0], [-1.0, 1.0, 1.0, 1.0, 1.0, 1.0, -1.0, 1.0, -1.0, 1.0], [-1.0, 1.0, 1.0, 1.0, 1.0, 1.0, -1.0, 1.0, 1.0, -1.0], [-1.0, 1.0, 1.0, 1.0, 1.0, 1.0, -1.0, 1.0, 1.0, 1.0], [-1.0, 1.0, 1.0, 1.0, 1.0, 1.0, 1.0, -1.0, -1.0, -1.0], [-1.0, 1.0, 1.0, 1.0, 1.0, 1.0, 1.0, -1.0, -1.0, 1.0], [-1.0, 1.0, 1.0, 1.0, 1.0, 1.0, 1.0, -1.0, 1.0, -1.0], [-1.0, 1.0, 1.0, 1.0, 1.0, 1.0, 1.0, -1.0, 1.0, 1.0], [-1.0, 1.0, 1.0, 1.0, 1.0, 1.0, 1.0, 1.0, -1.0, -1.0], [-1.0, 1.0, 1.0, 1.0, 1.0, 1.0, 1.0, 1.0, -1.0, 1.0], [-1.0, 1.0, 1.0, 1.0, 1.0, 1.0, 1.0, 1.0, 1.0, -1.0], [-1.0, 1.0, 1.0, 1.0, 1.0, 1.0, 1.0, 1.0, 1.0, 1.0], [1.0, -1.0, -1.0, -1.0, -1.0, -1.0, -1.0, -1.0, -1.0, -1.0], [1.0, -1.0, -1.0, -1.0, -1.0, -1.0, -1.0, -1.0, -1.0, 1.0], [1.0, -1.0, -1.0, -1.0, -1.0, -1.0, -1.0, -1.0, 1.0, -1.0], [1.0, -1.0, -1.0, -1.0, -1.0, -1.0, -1.0, -1.0, 1.0, 1.0], [1.0, -1.0, -1.0, -1.0, -1.0, -1.0, -1.0, 1.0, -1.0, -1.0], [1.0, -1.0, -1.0, -1.0, -1.0, -1.0, -1.0, 1.0, -1.0, 1.0], [1.0, -1.0, -1.0, -1.0, -1.0, -1.0, -1.0, 1.0, 1.0, -1.0], [1.0, -1.0, -1.0, -1.0, -1.0, -1.0, -1.0, 1.0, 1.0, 1.0], [1.0, -1.0, -1.0, -1.0, -1.0, -1.0, 1.0, -1.0, -1.0, -1.0], [1.0, -1.0, -1.0, -1.0, -1.0, -1.0, 1.0, -1.0, -1.0, 1.0], [1.0, -1.0, -1.0, -1.0, -1.0, -1.0, 1.0, -1.0, 1.0, -1.0], [1.0, -1.0, -1.0, -1.0, -1.0, -1.0, 1.0, -1.0, 1.0, 1.0], [1.0, -1.0, -1.0, -1.0, -1.0, -1.0, 1.0, 1.0, -1.0, -1.0], [1.0, -1.0, -1.0, -1.0, -1.0, -1.0, 1.0, 1.0, -1.0, 1.0], [1.0, -1.0, -1.0, -1.0, -1.0, -1.0, 1.0, 1.0, 1.0, -1.0], [1.0, -1.0, -1.0, -1.0, -1.0, -1.0, 1.0, 1.0, 1.0, 1.0], [1.0, -1.0, -1.0, -1.0, -1.0, 1.0, -1.0, -1.0, -1.0, -1.0], [1.0, -1.0, -1.0, -1.0, -1.0, 1.0, -1.0, -1.0, -1.0, 1.0], [1.0, -1.0, -1.0, -1.0, -1.0, 1.0, -1.0, -1.0, 1.0, -1.0], [1.0, -1.0, -1.0, -1.0, -1.0, 1.0, -1.0, -1.0, 1.0, 1.0], [1.0, -1.0, -1.0, -1.0, -1.0, 1.0, -1.0, 1.0, -1.0, -1.0], [1.0, -1.0, -1.0, -1.0, -1.0, 1.0, -1.0, 1.0, -1.0, 1.0], [1.0, -1.0, -1.0, -1.0, -1.0, 1.0, -1.0, 1.0, 1.0, -1.0], [1.0, -1.0, -1.0, -1.0, -1.0, 1.0, -1.0, 1.0, 1.0, 1.0], [1.0, -1.0, -1.0, -1.0, -1.0, 1.0, 1.0, -1.0, -1.0, -1.0], [1.0, -1.0, -1.0, -1.0, -1.0, 1.0, 1.0, -1.0, -1.0, 1.0], [1.0, -1.0, -1.0, -1.0, -1.0, 1.0, 1.0, -1.0, 1.0, -1.0], [1.0, -1.0, -1.0, -1.0, -1.0, 1.0, 1.0, -1.0, 1.0, 1.0], [1.0, -1.0, -1.0, -1.0, -1.0, 1.0, 1.0, 1.0, -1.0, -1.0], [1.0, -1.0, -1.0, -1.0, -1.0, 1.0, 1.0, 1.0, -1.0, 1.0], [1.0, -1.0, -1.0, -1.0, -1.0, 1.0, 1.0, 1.0, 1.0, -1.0], [1.0, -1.0, -1.0, -1.0, -1.0, 1.0, 1.0, 1.0, 1.0, 1.0], [1.0, -1.0, -1.0, -1.0, 1.0, -1.0, -1.0, -1.0, -1.0, -1.0], [1.0, -1.0, -1.0, -1.0, 1.0, -1.0, -1.0, -1.0, -1.0, 1.0], [1.0, -1.0, -1.0, -1.0, 1.0, -1.0, -1.0, -1.0, 1.0, -1.0], [1.0, -1.0, -1.0, -1.0, 1.0, -1.0, -1.0, -1.0, 1.0, 1.0], [1.0, -1.0, -1.0, -1.0, 1.0, -1.0, -1.0, 1.0, -1.0, -1.0], [1.0, -1.0, -1.0, -1.0, 1.0, -1.0, -1.0, 1.0, -1.0, 1.0], [1.0, -1.0, -1.0, -1.0, 1.0, -1.0, -1.0, 1.0, 1.0, -1.0], [1.0, -1.0, -1.0, -1.0, 1.0, -1.0, -1.0, 1.0, 1.0, 1.0], [1.0, -1.0, -1.0, -1.0, 1.0, -1.0, 1.0, -1.0, -1.0, -1.0], [1.0, -1.0, -1.0, -1.0, 1.0, -1.0, 1.0, -1.0, -1.0, 1.0], [1.0, -1.0, -1.0, -1.0, 1.0, -1.0, 1.0, -1.0, 1.0, -1.0], [1.0, -1.0, -1.0, -1.0, 1.0, -1.0, 1.0, -1.0, 1.0, 1.0], [1.0, -1.0, -1.0, -1.0, 1.0, -1.0, 1.0, 1.0, -1.0, -1.0], [1.0, -1.0, -1.0, -1.0, 1.0, -1.0, 1.0, 1.0, -1.0, 1.0], [1.0, -1.0, -1.0, -1.0, 1.0, -1.0, 1.0, 1.0, 1.0, -1.0], [1.0, -1.0, -1.0, -1.0, 1.0, -1.0, 1.0, 1.0, 1.0, 1.0], [1.0, -1.0, -1.0, -1.0, 1.0, 1.0, -1.0, -1.0, -1.0, -1.0], [1.0, -1.0, -1.0, -1.0, 1.0, 1.0, -1.0, -1.0, -1.0, 1.0], [1.0, -1.0, -1.0, -1.0, 1.0, 1.0, -1.0, -1.0, 1.0, -1.0], [1.0, -1.0, -1.0, -1.0, 1.0, 1.0, -1.0, -1.0, 1.0, 1.0], [1.0, -1.0, -1.0, -1.0, 1.0, 1.0, -1.0, 1.0, -1.0, -1.0], [1.0, -1.0, -1.0, -1.0, 1.0, 1.0, -1.0, 1.0, -1.0, 1.0], [1.0, -1.0, -1.0, -1.0, 1.0, 1.0, -1.0, 1.0, 1.0, -1.0], [1.0, -1.0, -1.0, -1.0, 1.0, 1.0, -1.0, 1.0, 1.0, 1.0], [1.0, -1.0, -1.0, -1.0, 1.0, 1.0, 1.0, -1.0, -1.0, -1.0], [1.0, -1.0, -1.0, -1.0, 1.0, 1.0, 1.0, -1.0, -1.0, 1.0], [1.0, -1.0, -1.0, -1.0, 1.0, 1.0, 1.0, -1.0, 1.0, -1.0], [1.0, -1.0, -1.0, -1.0, 1.0, 1.0, 1.0, -1.0, 1.0, 1.0], [1.0, -1.0, -1.0, -1.0, 1.0, 1.0, 1.0, 1.0, -1.0, -1.0], [1.0, -1.0, -1.0, -1.0, 1.0, 1.0, 1.0, 1.0, -1.0, 1.0], [1.0, -1.0, -1.0, -1.0, 1.0, 1.0, 1.0, 1.0, 1.0, -1.0], [1.0, -1.0, -1.0, -1.0, 1.0, 1.0, 1.0, 1.0, 1.0, 1.0], [1.0, -1.0, -1.0, 1.0, -1.0, -1.0, -1.0, -1.0, -1.0, -1.0], [1.0, -1.0, -1.0, 1.0, -1.0, -1.0, -1.0, -1.0, -1.0, 1.0], [1.0, -1.0, -1.0, 1.0, -1.0, -1.0, -1.0, -1.0, 1.0, -1.0], [1.0, -1.0, -1.0, 1.0, -1.0, -1.0, -1.0, -1.0, 1.0, 1.0], [1.0, -1.0, -1.0, 1.0, -1.0, -1.0, -1.0, 1.0, -1.0, -1.0], [1.0, -1.0, -1.0, 1.0, -1.0, -1.0, -1.0, 1.0, -1.0, 1.0], [1.0, -1.0, -1.0, 1.0, -1.0, -1.0, -1.0, 1.0, 1.0, -1.0], [1.0, -1.0, -1.0, 1.0, -1.0, -1.0, -1.0, 1.0, 1.0, 1.0], [1.0, -1.0, -1.0, 1.0, -1.0, -1.0, 1.0, -1.0, -1.0, -1.0], [1.0, -1.0, -1.0, 1.0, -1.0, -1.0, 1.0, -1.0, -1.0, 1.0], [1.0, -1.0, -1.0, 1.0, -1.0, -1.0, 1.0, -1.0, 1.0, -1.0], [1.0, -1.0, -1.0, 1.0, -1.0, -1.0, 1.0, -1.0, 1.0, 1.0], [1.0, -1.0, -1.0, 1.0, -1.0, -1.0, 1.0, 1.0, -1.0, -1.0], [1.0, -1.0, -1.0, 1.0, -1.0, -1.0, 1.0, 1.0, -1.0, 1.0], [1.0, -1.0, -1.0, 1.0, -1.0, -1.0, 1.0, 1.0, 1.0, -1.0], [1.0, -1.0, -1.0, 1.0, -1.0, -1.0, 1.0, 1.0, 1.0, 1.0], [1.0, -1.0, -1.0, 1.0, -1.0, 1.0, -1.0, -1.0, -1.0, -1.0], [1.0, -1.0, -1.0, 1.0, -1.0, 1.0, -1.0, -1.0, -1.0, 1.0], [1.0, -1.0, -1.0, 1.0, -1.0, 1.0, -1.0, -1.0, 1.0, -1.0], [1.0, -1.0, -1.0, 1.0, -1.0, 1.0, -1.0, -1.0, 1.0, 1.0], [1.0, -1.0, -1.0, 1.0, -1.0, 1.0, -1.0, 1.0, -1.0, -1.0], [1.0, -1.0, -1.0, 1.0, -1.0, 1.0, -1.0, 1.0, -1.0, 1.0], [1.0, -1.0, -1.0, 1.0, -1.0, 1.0, -1.0, 1.0, 1.0, -1.0], [1.0, -1.0, -1.0, 1.0, -1.0, 1.0, -1.0, 1.0, 1.0, 1.0], [1.0, -1.0, -1.0, 1.0, -1.0, 1.0, 1.0, -1.0, -1.0, -1.0], [1.0, -1.0, -1.0, 1.0, -1.0, 1.0, 1.0, -1.0, -1.0, 1.0], [1.0, -1.0, -1.0, 1.0, -1.0, 1.0, 1.0, -1.0, 1.0, -1.0], [1.0, -1.0, -1.0, 1.0, -1.0, 1.0, 1.0, -1.0, 1.0, 1.0], [1.0, -1.0, -1.0, 1.0, -1.0, 1.0, 1.0, 1.0, -1.0, -1.0], [1.0, -1.0, -1.0, 1.0, -1.0, 1.0, 1.0, 1.0, -1.0, 1.0], [1.0, -1.0, -1.0, 1.0, -1.0, 1.0, 1.0, 1.0, 1.0, -1.0], [1.0, -1.0, -1.0, 1.0, -1.0, 1.0, 1.0, 1.0, 1.0, 1.0], [1.0, -1.0, -1.0, 1.0, 1.0, -1.0, -1.0, -1.0, -1.0, -1.0], [1.0, -1.0, -1.0, 1.0, 1.0, -1.0, -1.0, -1.0, -1.0, 1.0], [1.0, -1.0, -1.0, 1.0, 1.0, -1.0, -1.0, -1.0, 1.0, -1.0], [1.0, -1.0, -1.0, 1.0, 1.0, -1.0, -1.0, -1.0, 1.0, 1.0], [1.0, -1.0, -1.0, 1.0, 1.0, -1.0, -1.0, 1.0, -1.0, -1.0], [1.0, -1.0, -1.0, 1.0, 1.0, -1.0, -1.0, 1.0, -1.0, 1.0], [1.0, -1.0, -1.0, 1.0, 1.0, -1.0, -1.0, 1.0, 1.0, -1.0], [1.0, -1.0, -1.0, 1.0, 1.0, -1.0, -1.0, 1.0, 1.0, 1.0], [1.0, -1.0, -1.0, 1.0, 1.0, -1.0, 1.0, -1.0, -1.0, -1.0], [1.0, -1.0, -1.0, 1.0, 1.0, -1.0, 1.0, -1.0, -1.0, 1.0], [1.0, -1.0, -1.0, 1.0, 1.0, -1.0, 1.0, -1.0, 1.0, -1.0], [1.0, -1.0, -1.0, 1.0, 1.0, -1.0, 1.0, -1.0, 1.0, 1.0], [1.0, -1.0, -1.0, 1.0, 1.0, -1.0, 1.0, 1.0, -1.0, -1.0], [1.0, -1.0, -1.0, 1.0, 1.0, -1.0, 1.0, 1.0, -1.0, 1.0], [1.0, -1.0, -1.0, 1.0, 1.0, -1.0, 1.0, 1.0, 1.0, -1.0], [1.0, -1.0, -1.0, 1.0, 1.0, -1.0, 1.0, 1.0, 1.0, 1.0], [1.0, -1.0, -1.0, 1.0, 1.0, 1.0, -1.0, -1.0, -1.0, -1.0], [1.0, -1.0, -1.0, 1.0, 1.0, 1.0, -1.0, -1.0, -1.0, 1.0], [1.0, -1.0, -1.0, 1.0, 1.0, 1.0, -1.0, -1.0, 1.0, -1.0], [1.0, -1.0, -1.0, 1.0, 1.0, 1.0, -1.0, -1.0, 1.0, 1.0], [1.0, -1.0, -1.0, 1.0, 1.0, 1.0, -1.0, 1.0, -1.0, -1.0], [1.0, -1.0, -1.0, 1.0, 1.0, 1.0, -1.0, 1.0, -1.0, 1.0], [1.0, -1.0, -1.0, 1.0, 1.0, 1.0, -1.0, 1.0, 1.0, -1.0], [1.0, -1.0, -1.0, 1.0, 1.0, 1.0, -1.0, 1.0, 1.0, 1.0], [1.0, -1.0, -1.0, 1.0, 1.0, 1.0, 1.0, -1.0, -1.0, -1.0], [1.0, -1.0, -1.0, 1.0, 1.0, 1.0, 1.0, -1.0, -1.0, 1.0], [1.0, -1.0, -1.0, 1.0, 1.0, 1.0, 1.0, -1.0, 1.0, -1.0], [1.0, -1.0, -1.0, 1.0, 1.0, 1.0, 1.0, -1.0, 1.0, 1.0], [1.0, -1.0, -1.0, 1.0, 1.0, 1.0, 1.0, 1.0, -1.0, -1.0], [1.0, -1.0, -1.0, 1.0, 1.0, 1.0, 1.0, 1.0, -1.0, 1.0], [1.0, -1.0, -1.0, 1.0, 1.0, 1.0, 1.0, 1.0, 1.0, -1.0], [1.0, -1.0, -1.0, 1.0, 1.0, 1.0, 1.0, 1.0, 1.0, 1.0], [1.0, -1.0, 1.0, -1.0, -1.0, -1.0, -1.0, -1.0, -1.0, -1.0], [1.0, -1.0, 1.0, -1.0, -1.0, -1.0, -1.0, -1.0, -1.0, 1.0], [1.0, -1.0, 1.0, -1.0, -1.0, -1.0, -1.0, -1.0, 1.0, -1.0], [1.0, -1.0, 1.0, -1.0, -1.0, -1.0, -1.0, -1.0, 1.0, 1.0], [1.0, -1.0, 1.0, -1.0, -1.0, -1.0, -1.0, 1.0, -1.0, -1.0], [1.0, -1.0, 1.0, -1.0, -1.0, -1.0, -1.0, 1.0, -1.0, 1.0], [1.0, -1.0, 1.0, -1.0, -1.0, -1.0, -1.0, 1.0, 1.0, -1.0], [1.0, -1.0, 1.0, -1.0, -1.0, -1.0, -1.0, 1.0, 1.0, 1.0], [1.0, -1.0, 1.0, -1.0, -1.0, -1.0, 1.0, -1.0, -1.0, -1.0], [1.0, -1.0, 1.0, -1.0, -1.0, -1.0, 1.0, -1.0, -1.0, 1.0], [1.0, -1.0, 1.0, -1.0, -1.0, -1.0, 1.0, -1.0, 1.0, -1.0], [1.0, -1.0, 1.0, -1.0, -1.0, -1.0, 1.0, -1.0, 1.0, 1.0], [1.0, -1.0, 1.0, -1.0, -1.0, -1.0, 1.0, 1.0, -1.0, -1.0], [1.0, -1.0, 1.0, -1.0, -1.0, -1.0, 1.0, 1.0, -1.0, 1.0], [1.0, -1.0, 1.0, -1.0, -1.0, -1.0, 1.0, 1.0, 1.0, -1.0], [1.0, -1.0, 1.0, -1.0, -1.0, -1.0, 1.0, 1.0, 1.0, 1.0], [1.0, -1.0, 1.0, -1.0, -1.0, 1.0, -1.0, -1.0, -1.0, -1.0], [1.0, -1.0, 1.0, -1.0, -1.0, 1.0, -1.0, -1.0, -1.0, 1.0], [1.0, -1.0, 1.0, -1.0, -1.0, 1.0, -1.0, -1.0, 1.0, -1.0], [1.0, -1.0, 1.0, -1.0, -1.0, 1.0, -1.0, -1.0, 1.0, 1.0], [1.0, -1.0, 1.0, -1.0, -1.0, 1.0, -1.0, 1.0, -1.0, -1.0], [1.0, -1.0, 1.0, -1.0, -1.0, 1.0, -1.0, 1.0, -1.0, 1.0], [1.0, -1.0, 1.0, -1.0, -1.0, 1.0, -1.0, 1.0, 1.0, -1.0], [1.0, -1.0, 1.0, -1.0, -1.0, 1.0, -1.0, 1.0, 1.0, 1.0], [1.0, -1.0, 1.0, -1.0, -1.0, 1.0, 1.0, -1.0, -1.0, -1.0], [1.0, -1.0, 1.0, -1.0, -1.0, 1.0, 1.0, -1.0, -1.0, 1.0], [1.0, -1.0, 1.0, -1.0, -1.0, 1.0, 1.0, -1.0, 1.0, -1.0], [1.0, -1.0, 1.0, -1.0, -1.0, 1.0, 1.0, -1.0, 1.0, 1.0], [1.0, -1.0, 1.0, -1.0, -1.0, 1.0, 1.0, 1.0, -1.0, -1.0], [1.0, -1.0, 1.0, -1.0, -1.0, 1.0, 1.0, 1.0, -1.0, 1.0], [1.0, -1.0, 1.0, -1.0, -1.0, 1.0, 1.0, 1.0, 1.0, -1.0], [1.0, -1.0, 1.0, -1.0, -1.0, 1.0, 1.0, 1.0, 1.0, 1.0], [1.0, -1.0, 1.0, -1.0, 1.0, -1.0, -1.0, -1.0, -1.0, -1.0], [1.0, -1.0, 1.0, -1.0, 1.0, -1.0, -1.0, -1.0, -1.0, 1.0], [1.0, -1.0, 1.0, -1.0, 1.0, -1.0, -1.0, -1.0, 1.0, -1.0], [1.0, -1.0, 1.0, -1.0, 1.0, -1.0, -1.0, -1.0, 1.0, 1.0], [1.0, -1.0, 1.0, -1.0, 1.0, -1.0, -1.0, 1.0, -1.0, -1.0], [1.0, -1.0, 1.0, -1.0, 1.0, -1.0, -1.0, 1.0, -1.0, 1.0], [1.0, -1.0, 1.0, -1.0, 1.0, -1.0, -1.0, 1.0, 1.0, -1.0], [1.0, -1.0, 1.0, -1.0, 1.0, -1.0, -1.0, 1.0, 1.0, 1.0], [1.0, -1.0, 1.0, -1.0, 1.0, -1.0, 1.0, -1.0, -1.0, -1.0], [1.0, -1.0, 1.0, -1.0, 1.0, -1.0, 1.0, -1.0, -1.0, 1.0], [1.0, -1.0, 1.0, -1.0, 1.0, -1.0, 1.0, -1.0, 1.0, -1.0], [1.0, -1.0, 1.0, -1.0, 1.0, -1.0, 1.0, -1.0, 1.0, 1.0], [1.0, -1.0, 1.0, -1.0, 1.0, -1.0, 1.0, 1.0, -1.0, -1.0], [1.0, -1.0, 1.0, -1.0, 1.0, -1.0, 1.0, 1.0, -1.0, 1.0], [1.0, -1.0, 1.0, -1.0, 1.0, -1.0, 1.0, 1.0, 1.0, -1.0], [1.0, -1.0, 1.0, -1.0, 1.0, -1.0, 1.0, 1.0, 1.0, 1.0], [1.0, -1.0, 1.0, -1.0, 1.0, 1.0, -1.0, -1.0, -1.0, -1.0], [1.0, -1.0, 1.0, -1.0, 1.0, 1.0, -1.0, -1.0, -1.0, 1.0], [1.0, -1.0, 1.0, -1.0, 1.0, 1.0, -1.0, -1.0, 1.0, -1.0], [1.0, -1.0, 1.0, -1.0, 1.0, 1.0, -1.0, -1.0, 1.0, 1.0], [1.0, -1.0, 1.0, -1.0, 1.0, 1.0, -1.0, 1.0, -1.0, -1.0], [1.0, -1.0, 1.0, -1.0, 1.0, 1.0, -1.0, 1.0, -1.0, 1.0], [1.0, -1.0, 1.0, -1.0, 1.0, 1.0, -1.0, 1.0, 1.0, -1.0], [1.0, -1.0, 1.0, -1.0, 1.0, 1.0, -1.0, 1.0, 1.0, 1.0], [1.0, -1.0, 1.0, -1.0, 1.0, 1.0, 1.0, -1.0, -1.0, -1.0], [1.0, -1.0, 1.0, -1.0, 1.0, 1.0, 1.0, -1.0, -1.0, 1.0], [1.0, -1.0, 1.0, -1.0, 1.0, 1.0, 1.0, -1.0, 1.0, -1.0], [1.0, -1.0, 1.0, -1.0, 1.0, 1.0, 1.0, -1.0, 1.0, 1.0], [1.0, -1.0, 1.0, -1.0, 1.0, 1.0, 1.0, 1.0, -1.0, -1.0], [1.0, -1.0, 1.0, -1.0, 1.0, 1.0, 1.0, 1.0, -1.0, 1.0], [1.0, -1.0, 1.0, -1.0, 1.0, 1.0, 1.0, 1.0, 1.0, -1.0], [1.0, -1.0, 1.0, -1.0, 1.0, 1.0, 1.0, 1.0, 1.0, 1.0], [1.0, -1.0, 1.0, 1.0, -1.0, -1.0, -1.0, -1.0, -1.0, -1.0], [1.0, -1.0, 1.0, 1.0, -1.0, -1.0, -1.0, -1.0, -1.0, 1.0], [1.0, -1.0, 1.0, 1.0, -1.0, -1.0, -1.0, -1.0, 1.0, -1.0], [1.0, -1.0, 1.0, 1.0, -1.0, -1.0, -1.0, -1.0, 1.0, 1.0], [1.0, -1.0, 1.0, 1.0, -1.0, -1.0, -1.0, 1.0, -1.0, -1.0], [1.0, -1.0, 1.0, 1.0, -1.0, -1.0, -1.0, 1.0, -1.0, 1.0], [1.0, -1.0, 1.0, 1.0, -1.0, -1.0, -1.0, 1.0, 1.0, -1.0], [1.0, -1.0, 1.0, 1.0, -1.0, -1.0, -1.0, 1.0, 1.0, 1.0], [1.0, -1.0, 1.0, 1.0, -1.0, -1.0, 1.0, -1.0, -1.0, -1.0], [1.0, -1.0, 1.0, 1.0, -1.0, -1.0, 1.0, -1.0, -1.0, 1.0], [1.0, -1.0, 1.0, 1.0, -1.0, -1.0, 1.0, -1.0, 1.0, -1.0], [1.0, -1.0, 1.0, 1.0, -1.0, -1.0, 1.0, -1.0, 1.0, 1.0], [1.0, -1.0, 1.0, 1.0, -1.0, -1.0, 1.0, 1.0, -1.0, -1.0], [1.0, -1.0, 1.0, 1.0, -1.0, -1.0, 1.0, 1.0, -1.0, 1.0], [1.0, -1.0, 1.0, 1.0, -1.0, -1.0, 1.0, 1.0, 1.0, -1.0], [1.0, -1.0, 1.0, 1.0, -1.0, -1.0, 1.0, 1.0, 1.0, 1.0], [1.0, -1.0, 1.0, 1.0, -1.0, 1.0, -1.0, -1.0, -1.0, -1.0], [1.0, -1.0, 1.0, 1.0, -1.0, 1.0, -1.0, -1.0, -1.0, 1.0], [1.0, -1.0, 1.0, 1.0, -1.0, 1.0, -1.0, -1.0, 1.0, -1.0], [1.0, -1.0, 1.0, 1.0, -1.0, 1.0, -1.0, -1.0, 1.0, 1.0], [1.0, -1.0, 1.0, 1.0, -1.0, 1.0, -1.0, 1.0, -1.0, -1.0], [1.0, -1.0, 1.0, 1.0, -1.0, 1.0, -1.0, 1.0, -1.0, 1.0], [1.0, -1.0, 1.0, 1.0, -1.0, 1.0, -1.0, 1.0, 1.0, -1.0], [1.0, -1.0, 1.0, 1.0, -1.0, 1.0, -1.0, 1.0, 1.0, 1.0], [1.0, -1.0, 1.0, 1.0, -1.0, 1.0, 1.0, -1.0, -1.0, -1.0], [1.0, -1.0, 1.0, 1.0, -1.0, 1.0, 1.0, -1.0, -1.0, 1.0], [1.0, -1.0, 1.0, 1.0, -1.0, 1.0, 1.0, -1.0, 1.0, -1.0], [1.0, -1.0, 1.0, 1.0, -1.0, 1.0, 1.0, -1.0, 1.0, 1.0], [1.0, -1.0, 1.0, 1.0, -1.0, 1.0, 1.0, 1.0, -1.0, -1.0], [1.0, -1.0, 1.0, 1.0, -1.0, 1.0, 1.0, 1.0, -1.0, 1.0], [1.0, -1.0, 1.0, 1.0, -1.0, 1.0, 1.0, 1.0, 1.0, -1.0], [1.0, -1.0, 1.0, 1.0, -1.0, 1.0, 1.0, 1.0, 1.0, 1.0], [1.0, -1.0, 1.0, 1.0, 1.0, -1.0, -1.0, -1.0, -1.0, -1.0], [1.0, -1.0, 1.0, 1.0, 1.0, -1.0, -1.0, -1.0, -1.0, 1.0], [1.0, -1.0, 1.0, 1.0, 1.0, -1.0, -1.0, -1.0, 1.0, -1.0], [1.0, -1.0, 1.0, 1.0, 1.0, -1.0, -1.0, -1.0, 1.0, 1.0], [1.0, -1.0, 1.0, 1.0, 1.0, -1.0, -1.0, 1.0, -1.0, -1.0], [1.0, -1.0, 1.0, 1.0, 1.0, -1.0, -1.0, 1.0, -1.0, 1.0], [1.0, -1.0, 1.0, 1.0, 1.0, -1.0, -1.0, 1.0, 1.0, -1.0], [1.0, -1.0, 1.0, 1.0, 1.0, -1.0, -1.0, 1.0, 1.0, 1.0], [1.0, -1.0, 1.0, 1.0, 1.0, -1.0, 1.0, -1.0, -1.0, -1.0], [1.0, -1.0, 1.0, 1.0, 1.0, -1.0, 1.0, -1.0, -1.0, 1.0], [1.0, -1.0, 1.0, 1.0, 1.0, -1.0, 1.0, -1.0, 1.0, -1.0], [1.0, -1.0, 1.0, 1.0, 1.0, -1.0, 1.0, -1.0, 1.0, 1.0], [1.0, -1.0, 1.0, 1.0, 1.0, -1.0, 1.0, 1.0, -1.0, -1.0], [1.0, -1.0, 1.0, 1.0, 1.0, -1.0, 1.0, 1.0, -1.0, 1.0], [1.0, -1.0, 1.0, 1.0, 1.0, -1.0, 1.0, 1.0, 1.0, -1.0], [1.0, -1.0, 1.0, 1.0, 1.0, -1.0, 1.0, 1.0, 1.0, 1.0], [1.0, -1.0, 1.0, 1.0, 1.0, 1.0, -1.0, -1.0, -1.0, -1.0], [1.0, -1.0, 1.0, 1.0, 1.0, 1.0, -1.0, -1.0, -1.0, 1.0], [1.0, -1.0, 1.0, 1.0, 1.0, 1.0, -1.0, -1.0, 1.0, -1.0], [1.0, -1.0, 1.0, 1.0, 1.0, 1.0, -1.0, -1.0, 1.0, 1.0], [1.0, -1.0, 1.0, 1.0, 1.0, 1.0, -1.0, 1.0, -1.0, -1.0], [1.0, -1.0, 1.0, 1.0, 1.0, 1.0, -1.0, 1.0, -1.0, 1.0], [1.0, -1.0, 1.0, 1.0, 1.0, 1.0, -1.0, 1.0, 1.0, -1.0], [1.0, -1.0, 1.0, 1.0, 1.0, 1.0, -1.0, 1.0, 1.0, 1.0], [1.0, -1.0, 1.0, 1.0, 1.0, 1.0, 1.0, -1.0, -1.0, -1.0], [1.0, -1.0, 1.0, 1.0, 1.0, 1.0, 1.0, -1.0, -1.0, 1.0], [1.0, -1.0, 1.0, 1.0, 1.0, 1.0, 1.0, -1.0, 1.0, -1.0], [1.0, -1.0, 1.0, 1.0, 1.0, 1.0, 1.0, -1.0, 1.0, 1.0], [1.0, -1.0, 1.0, 1.0, 1.0, 1.0, 1.0, 1.0, -1.0, -1.0], [1.0, -1.0, 1.0, 1.0, 1.0, 1.0, 1.0, 1.0, -1.0, 1.0], [1.0, -1.0, 1.0, 1.0, 1.0, 1.0, 1.0, 1.0, 1.0, -1.0], [1.0, -1.0, 1.0, 1.0, 1.0, 1.0, 1.0, 1.0, 1.0, 1.0], [1.0, 1.0, -1.0, -1.0, -1.0, -1.0, -1.0, -1.0, -1.0, -1.0], [1.0, 1.0, -1.0, -1.0, -1.0, -1.0, -1.0, -1.0, -1.0, 1.0], [1.0, 1.0, -1.0, -1.0, -1.0, -1.0, -1.0, -1.0, 1.0, -1.0], [1.0, 1.0, -1.0, -1.0, -1.0, -1.0, -1.0, -1.0, 1.0, 1.0], [1.0, 1.0, -1.0, -1.0, -1.0, -1.0, -1.0, 1.0, -1.0, -1.0], [1.0, 1.0, -1.0, -1.0, -1.0, -1.0, -1.0, 1.0, -1.0, 1.0], [1.0, 1.0, -1.0, -1.0, -1.0, -1.0, -1.0, 1.0, 1.0, -1.0], [1.0, 1.0, -1.0, -1.0, -1.0, -1.0, -1.0, 1.0, 1.0, 1.0], [1.0, 1.0, -1.0, -1.0, -1.0, -1.0, 1.0, -1.0, -1.0, -1.0], [1.0, 1.0, -1.0, -1.0, -1.0, -1.0, 1.0, -1.0, -1.0, 1.0], [1.0, 1.0, -1.0, -1.0, -1.0, -1.0, 1.0, -1.0, 1.0, -1.0], [1.0, 1.0, -1.0, -1.0, -1.0, -1.0, 1.0, -1.0, 1.0, 1.0], [1.0, 1.0, -1.0, -1.0, -1.0, -1.0, 1.0, 1.0, -1.0, -1.0], [1.0, 1.0, -1.0, -1.0, -1.0, -1.0, 1.0, 1.0, -1.0, 1.0], [1.0, 1.0, -1.0, -1.0, -1.0, -1.0, 1.0, 1.0, 1.0, -1.0], [1.0, 1.0, -1.0, -1.0, -1.0, -1.0, 1.0, 1.0, 1.0, 1.0], [1.0, 1.0, -1.0, -1.0, -1.0, 1.0, -1.0, -1.0, -1.0, -1.0], [1.0, 1.0, -1.0, -1.0, -1.0, 1.0, -1.0, -1.0, -1.0, 1.0], [1.0, 1.0, -1.0, -1.0, -1.0, 1.0, -1.0, -1.0, 1.0, -1.0], [1.0, 1.0, -1.0, -1.0, -1.0, 1.0, -1.0, -1.0, 1.0, 1.0], [1.0, 1.0, -1.0, -1.0, -1.0, 1.0, -1.0, 1.0, -1.0, -1.0], [1.0, 1.0, -1.0, -1.0, -1.0, 1.0, -1.0, 1.0, -1.0, 1.0], [1.0, 1.0, -1.0, -1.0, -1.0, 1.0, -1.0, 1.0, 1.0, -1.0], [1.0, 1.0, -1.0, -1.0, -1.0, 1.0, -1.0, 1.0, 1.0, 1.0], [1.0, 1.0, -1.0, -1.0, -1.0, 1.0, 1.0, -1.0, -1.0, -1.0], [1.0, 1.0, -1.0, -1.0, -1.0, 1.0, 1.0, -1.0, -1.0, 1.0], [1.0, 1.0, -1.0, -1.0, -1.0, 1.0, 1.0, -1.0, 1.0, -1.0], [1.0, 1.0, -1.0, -1.0, -1.0, 1.0, 1.0, -1.0, 1.0, 1.0], [1.0, 1.0, -1.0, -1.0, -1.0, 1.0, 1.0, 1.0, -1.0, -1.0], [1.0, 1.0, -1.0, -1.0, -1.0, 1.0, 1.0, 1.0, -1.0, 1.0], [1.0, 1.0, -1.0, -1.0, -1.0, 1.0, 1.0, 1.0, 1.0, -1.0], [1.0, 1.0, -1.0, -1.0, -1.0, 1.0, 1.0, 1.0, 1.0, 1.0], [1.0, 1.0, -1.0, -1.0, 1.0, -1.0, -1.0, -1.0, -1.0, -1.0], [1.0, 1.0, -1.0, -1.0, 1.0, -1.0, -1.0, -1.0, -1.0, 1.0], [1.0, 1.0, -1.0, -1.0, 1.0, -1.0, -1.0, -1.0, 1.0, -1.0], [1.0, 1.0, -1.0, -1.0, 1.0, -1.0, -1.0, -1.0, 1.0, 1.0], [1.0, 1.0, -1.0, -1.0, 1.0, -1.0, -1.0, 1.0, -1.0, -1.0], [1.0, 1.0, -1.0, -1.0, 1.0, -1.0, -1.0, 1.0, -1.0, 1.0], [1.0, 1.0, -1.0, -1.0, 1.0, -1.0, -1.0, 1.0, 1.0, -1.0], [1.0, 1.0, -1.0, -1.0, 1.0, -1.0, -1.0, 1.0, 1.0, 1.0], [1.0, 1.0, -1.0, -1.0, 1.0, -1.0, 1.0, -1.0, -1.0, -1.0], [1.0, 1.0, -1.0, -1.0, 1.0, -1.0, 1.0, -1.0, -1.0, 1.0], [1.0, 1.0, -1.0, -1.0, 1.0, -1.0, 1.0, -1.0, 1.0, -1.0], [1.0, 1.0, -1.0, -1.0, 1.0, -1.0, 1.0, -1.0, 1.0, 1.0], [1.0, 1.0, -1.0, -1.0, 1.0, -1.0, 1.0, 1.0, -1.0, -1.0], [1.0, 1.0, -1.0, -1.0, 1.0, -1.0, 1.0, 1.0, -1.0, 1.0], [1.0, 1.0, -1.0, -1.0, 1.0, -1.0, 1.0, 1.0, 1.0, -1.0], [1.0, 1.0, -1.0, -1.0, 1.0, -1.0, 1.0, 1.0, 1.0, 1.0], [1.0, 1.0, -1.0, -1.0, 1.0, 1.0, -1.0, -1.0, -1.0, -1.0], [1.0, 1.0, -1.0, -1.0, 1.0, 1.0, -1.0, -1.0, -1.0, 1.0], [1.0, 1.0, -1.0, -1.0, 1.0, 1.0, -1.0, -1.0, 1.0, -1.0], [1.0, 1.0, -1.0, -1.0, 1.0, 1.0, -1.0, -1.0, 1.0, 1.0], [1.0, 1.0, -1.0, -1.0, 1.0, 1.0, -1.0, 1.0, -1.0, -1.0], [1.0, 1.0, -1.0, -1.0, 1.0, 1.0, -1.0, 1.0, -1.0, 1.0], [1.0, 1.0, -1.0, -1.0, 1.0, 1.0, -1.0, 1.0, 1.0, -1.0], [1.0, 1.0, -1.0, -1.0, 1.0, 1.0, -1.0, 1.0, 1.0, 1.0], [1.0, 1.0, -1.0, -1.0, 1.0, 1.0, 1.0, -1.0, -1.0, -1.0], [1.0, 1.0, -1.0, -1.0, 1.0, 1.0, 1.0, -1.0, -1.0, 1.0], [1.0, 1.0, -1.0, -1.0, 1.0, 1.0, 1.0, -1.0, 1.0, -1.0], [1.0, 1.0, -1.0, -1.0, 1.0, 1.0, 1.0, -1.0, 1.0, 1.0], [1.0, 1.0, -1.0, -1.0, 1.0, 1.0, 1.0, 1.0, -1.0, -1.0], [1.0, 1.0, -1.0, -1.0, 1.0, 1.0, 1.0, 1.0, -1.0, 1.0], [1.0, 1.0, -1.0, -1.0, 1.0, 1.0, 1.0, 1.0, 1.0, -1.0], [1.0, 1.0, -1.0, -1.0, 1.0, 1.0, 1.0, 1.0, 1.0, 1.0], [1.0, 1.0, -1.0, 1.0, -1.0, -1.0, -1.0, -1.0, -1.0, -1.0], [1.0, 1.0, -1.0, 1.0, -1.0, -1.0, -1.0, -1.0, -1.0, 1.0], [1.0, 1.0, -1.0, 1.0, -1.0, -1.0, -1.0, -1.0, 1.0, -1.0], [1.0, 1.0, -1.0, 1.0, -1.0, -1.0, -1.0, -1.0, 1.0, 1.0], [1.0, 1.0, -1.0, 1.0, -1.0, -1.0, -1.0, 1.0, -1.0, -1.0], [1.0, 1.0, -1.0, 1.0, -1.0, -1.0, -1.0, 1.0, -1.0, 1.0], [1.0, 1.0, -1.0, 1.0, -1.0, -1.0, -1.0, 1.0, 1.0, -1.0], [1.0, 1.0, -1.0, 1.0, -1.0, -1.0, -1.0, 1.0, 1.0, 1.0], [1.0, 1.0, -1.0, 1.0, -1.0, -1.0, 1.0, -1.0, -1.0, -1.0], [1.0, 1.0, -1.0, 1.0, -1.0, -1.0, 1.0, -1.0, -1.0, 1.0], [1.0, 1.0, -1.0, 1.0, -1.0, -1.0, 1.0, -1.0, 1.0, -1.0], [1.0, 1.0, -1.0, 1.0, -1.0, -1.0, 1.0, -1.0, 1.0, 1.0], [1.0, 1.0, -1.0, 1.0, -1.0, -1.0, 1.0, 1.0, -1.0, -1.0], [1.0, 1.0, -1.0, 1.0, -1.0, -1.0, 1.0, 1.0, -1.0, 1.0], [1.0, 1.0, -1.0, 1.0, -1.0, -1.0, 1.0, 1.0, 1.0, -1.0], [1.0, 1.0, -1.0, 1.0, -1.0, -1.0, 1.0, 1.0, 1.0, 1.0], [1.0, 1.0, -1.0, 1.0, -1.0, 1.0, -1.0, -1.0, -1.0, -1.0], [1.0, 1.0, -1.0, 1.0, -1.0, 1.0, -1.0, -1.0, -1.0, 1.0], [1.0, 1.0, -1.0, 1.0, -1.0, 1.0, -1.0, -1.0, 1.0, -1.0], [1.0, 1.0, -1.0, 1.0, -1.0, 1.0, -1.0, -1.0, 1.0, 1.0], [1.0, 1.0, -1.0, 1.0, -1.0, 1.0, -1.0, 1.0, -1.0, -1.0], [1.0, 1.0, -1.0, 1.0, -1.0, 1.0, -1.0, 1.0, -1.0, 1.0], [1.0, 1.0, -1.0, 1.0, -1.0, 1.0, -1.0, 1.0, 1.0, -1.0], [1.0, 1.0, -1.0, 1.0, -1.0, 1.0, -1.0, 1.0, 1.0, 1.0], [1.0, 1.0, -1.0, 1.0, -1.0, 1.0, 1.0, -1.0, -1.0, -1.0], [1.0, 1.0, -1.0, 1.0, -1.0, 1.0, 1.0, -1.0, -1.0, 1.0], [1.0, 1.0, -1.0, 1.0, -1.0, 1.0, 1.0, -1.0, 1.0, -1.0], [1.0, 1.0, -1.0, 1.0, -1.0, 1.0, 1.0, -1.0, 1.0, 1.0], [1.0, 1.0, -1.0, 1.0, -1.0, 1.0, 1.0, 1.0, -1.0, -1.0], [1.0, 1.0, -1.0, 1.0, -1.0, 1.0, 1.0, 1.0, -1.0, 1.0], [1.0, 1.0, -1.0, 1.0, -1.0, 1.0, 1.0, 1.0, 1.0, -1.0], [1.0, 1.0, -1.0, 1.0, -1.0, 1.0, 1.0, 1.0, 1.0, 1.0], [1.0, 1.0, -1.0, 1.0, 1.0, -1.0, -1.0, -1.0, -1.0, -1.0], [1.0, 1.0, -1.0, 1.0, 1.0, -1.0, -1.0, -1.0, -1.0, 1.0], [1.0, 1.0, -1.0, 1.0, 1.0, -1.0, -1.0, -1.0, 1.0, -1.0], [1.0, 1.0, -1.0, 1.0, 1.0, -1.0, -1.0, -1.0, 1.0, 1.0], [1.0, 1.0, -1.0, 1.0, 1.0, -1.0, -1.0, 1.0, -1.0, -1.0], [1.0, 1.0, -1.0, 1.0, 1.0, -1.0, -1.0, 1.0, -1.0, 1.0], [1.0, 1.0, -1.0, 1.0, 1.0, -1.0, -1.0, 1.0, 1.0, -1.0], [1.0, 1.0, -1.0, 1.0, 1.0, -1.0, -1.0, 1.0, 1.0, 1.0], [1.0, 1.0, -1.0, 1.0, 1.0, -1.0, 1.0, -1.0, -1.0, -1.0], [1.0, 1.0, -1.0, 1.0, 1.0, -1.0, 1.0, -1.0, -1.0, 1.0], [1.0, 1.0, -1.0, 1.0, 1.0, -1.0, 1.0, -1.0, 1.0, -1.0], [1.0, 1.0, -1.0, 1.0, 1.0, -1.0, 1.0, -1.0, 1.0, 1.0], [1.0, 1.0, -1.0, 1.0, 1.0, -1.0, 1.0, 1.0, -1.0, -1.0], [1.0, 1.0, -1.0, 1.0, 1.0, -1.0, 1.0, 1.0, -1.0, 1.0], [1.0, 1.0, -1.0, 1.0, 1.0, -1.0, 1.0, 1.0, 1.0, -1.0], [1.0, 1.0, -1.0, 1.0, 1.0, -1.0, 1.0, 1.0, 1.0, 1.0], [1.0, 1.0, -1.0, 1.0, 1.0, 1.0, -1.0, -1.0, -1.0, -1.0], [1.0, 1.0, -1.0, 1.0, 1.0, 1.0, -1.0, -1.0, -1.0, 1.0], [1.0, 1.0, -1.0, 1.0, 1.0, 1.0, -1.0, -1.0, 1.0, -1.0], [1.0, 1.0, -1.0, 1.0, 1.0, 1.0, -1.0, -1.0, 1.0, 1.0], [1.0, 1.0, -1.0, 1.0, 1.0, 1.0, -1.0, 1.0, -1.0, -1.0], [1.0, 1.0, -1.0, 1.0, 1.0, 1.0, -1.0, 1.0, -1.0, 1.0], [1.0, 1.0, -1.0, 1.0, 1.0, 1.0, -1.0, 1.0, 1.0, -1.0], [1.0, 1.0, -1.0, 1.0, 1.0, 1.0, -1.0, 1.0, 1.0, 1.0], [1.0, 1.0, -1.0, 1.0, 1.0, 1.0, 1.0, -1.0, -1.0, -1.0], [1.0, 1.0, -1.0, 1.0, 1.0, 1.0, 1.0, -1.0, -1.0, 1.0], [1.0, 1.0, -1.0, 1.0, 1.0, 1.0, 1.0, -1.0, 1.0, -1.0], [1.0, 1.0, -1.0, 1.0, 1.0, 1.0, 1.0, -1.0, 1.0, 1.0], [1.0, 1.0, -1.0, 1.0, 1.0, 1.0, 1.0, 1.0, -1.0, -1.0], [1.0, 1.0, -1.0, 1.0, 1.0, 1.0, 1.0, 1.0, -1.0, 1.0], [1.0, 1.0, -1.0, 1.0, 1.0, 1.0, 1.0, 1.0, 1.0, -1.0], [1.0, 1.0, -1.0, 1.0, 1.0, 1.0, 1.0, 1.0, 1.0, 1.0], [1.0, 1.0, 1.0, -1.0, -1.0, -1.0, -1.0, -1.0, -1.0, -1.0], [1.0, 1.0, 1.0, -1.0, -1.0, -1.0, -1.0, -1.0, -1.0, 1.0], [1.0, 1.0, 1.0, -1.0, -1.0, -1.0, -1.0, -1.0, 1.0, -1.0], [1.0, 1.0, 1.0, -1.0, -1.0, -1.0, -1.0, -1.0, 1.0, 1.0], [1.0, 1.0, 1.0, -1.0, -1.0, -1.0, -1.0, 1.0, -1.0, -1.0], [1.0, 1.0, 1.0, -1.0, -1.0, -1.0, -1.0, 1.0, -1.0, 1.0], [1.0, 1.0, 1.0, -1.0, -1.0, -1.0, -1.0, 1.0, 1.0, -1.0], [1.0, 1.0, 1.0, -1.0, -1.0, -1.0, -1.0, 1.0, 1.0, 1.0], [1.0, 1.0, 1.0, -1.0, -1.0, -1.0, 1.0, -1.0, -1.0, -1.0], [1.0, 1.0, 1.0, -1.0, -1.0, -1.0, 1.0, -1.0, -1.0, 1.0], [1.0, 1.0, 1.0, -1.0, -1.0, -1.0, 1.0, -1.0, 1.0, -1.0], [1.0, 1.0, 1.0, -1.0, -1.0, -1.0, 1.0, -1.0, 1.0, 1.0], [1.0, 1.0, 1.0, -1.0, -1.0, -1.0, 1.0, 1.0, -1.0, -1.0], [1.0, 1.0, 1.0, -1.0, -1.0, -1.0, 1.0, 1.0, -1.0, 1.0], [1.0, 1.0, 1.0, -1.0, -1.0, -1.0, 1.0, 1.0, 1.0, -1.0], [1.0, 1.0, 1.0, -1.0, -1.0, -1.0, 1.0, 1.0, 1.0, 1.0], [1.0, 1.0, 1.0, -1.0, -1.0, 1.0, -1.0, -1.0, -1.0, -1.0], [1.0, 1.0, 1.0, -1.0, -1.0, 1.0, -1.0, -1.0, -1.0, 1.0], [1.0, 1.0, 1.0, -1.0, -1.0, 1.0, -1.0, -1.0, 1.0, -1.0], [1.0, 1.0, 1.0, -1.0, -1.0, 1.0, -1.0, -1.0, 1.0, 1.0], [1.0, 1.0, 1.0, -1.0, -1.0, 1.0, -1.0, 1.0, -1.0, -1.0], [1.0, 1.0, 1.0, -1.0, -1.0, 1.0, -1.0, 1.0, -1.0, 1.0], [1.0, 1.0, 1.0, -1.0, -1.0, 1.0, -1.0, 1.0, 1.0, -1.0], [1.0, 1.0, 1.0, -1.0, -1.0, 1.0, -1.0, 1.0, 1.0, 1.0], [1.0, 1.0, 1.0, -1.0, -1.0, 1.0, 1.0, -1.0, -1.0, -1.0], [1.0, 1.0, 1.0, -1.0, -1.0, 1.0, 1.0, -1.0, -1.0, 1.0], [1.0, 1.0, 1.0, -1.0, -1.0, 1.0, 1.0, -1.0, 1.0, -1.0], [1.0, 1.0, 1.0, -1.0, -1.0, 1.0, 1.0, -1.0, 1.0, 1.0], [1.0, 1.0, 1.0, -1.0, -1.0, 1.0, 1.0, 1.0, -1.0, -1.0], [1.0, 1.0, 1.0, -1.0, -1.0, 1.0, 1.0, 1.0, -1.0, 1.0], [1.0, 1.0, 1.0, -1.0, -1.0, 1.0, 1.0, 1.0, 1.0, -1.0], [1.0, 1.0, 1.0, -1.0, -1.0, 1.0, 1.0, 1.0, 1.0, 1.0], [1.0, 1.0, 1.0, -1.0, 1.0, -1.0, -1.0, -1.0, -1.0, -1.0], [1.0, 1.0, 1.0, -1.0, 1.0, -1.0, -1.0, -1.0, -1.0, 1.0], [1.0, 1.0, 1.0, -1.0, 1.0, -1.0, -1.0, -1.0, 1.0, -1.0], [1.0, 1.0, 1.0, -1.0, 1.0, -1.0, -1.0, -1.0, 1.0, 1.0], [1.0, 1.0, 1.0, -1.0, 1.0, -1.0, -1.0, 1.0, -1.0, -1.0], [1.0, 1.0, 1.0, -1.0, 1.0, -1.0, -1.0, 1.0, -1.0, 1.0], [1.0, 1.0, 1.0, -1.0, 1.0, -1.0, -1.0, 1.0, 1.0, -1.0], [1.0, 1.0, 1.0, -1.0, 1.0, -1.0, -1.0, 1.0, 1.0, 1.0], [1.0, 1.0, 1.0, -1.0, 1.0, -1.0, 1.0, -1.0, -1.0, -1.0], [1.0, 1.0, 1.0, -1.0, 1.0, -1.0, 1.0, -1.0, -1.0, 1.0], [1.0, 1.0, 1.0, -1.0, 1.0, -1.0, 1.0, -1.0, 1.0, -1.0], [1.0, 1.0, 1.0, -1.0, 1.0, -1.0, 1.0, -1.0, 1.0, 1.0], [1.0, 1.0, 1.0, -1.0, 1.0, -1.0, 1.0, 1.0, -1.0, -1.0], [1.0, 1.0, 1.0, -1.0, 1.0, -1.0, 1.0, 1.0, -1.0, 1.0], [1.0, 1.0, 1.0, -1.0, 1.0, -1.0, 1.0, 1.0, 1.0, -1.0], [1.0, 1.0, 1.0, -1.0, 1.0, -1.0, 1.0, 1.0, 1.0, 1.0], [1.0, 1.0, 1.0, -1.0, 1.0, 1.0, -1.0, -1.0, -1.0, -1.0], [1.0, 1.0, 1.0, -1.0, 1.0, 1.0, -1.0, -1.0, -1.0, 1.0], [1.0, 1.0, 1.0, -1.0, 1.0, 1.0, -1.0, -1.0, 1.0, -1.0], [1.0, 1.0, 1.0, -1.0, 1.0, 1.0, -1.0, -1.0, 1.0, 1.0], [1.0, 1.0, 1.0, -1.0, 1.0, 1.0, -1.0, 1.0, -1.0, -1.0], [1.0, 1.0, 1.0, -1.0, 1.0, 1.0, -1.0, 1.0, -1.0, 1.0], [1.0, 1.0, 1.0, -1.0, 1.0, 1.0, -1.0, 1.0, 1.0, -1.0], [1.0, 1.0, 1.0, -1.0, 1.0, 1.0, -1.0, 1.0, 1.0, 1.0], [1.0, 1.0, 1.0, -1.0, 1.0, 1.0, 1.0, -1.0, -1.0, -1.0], [1.0, 1.0, 1.0, -1.0, 1.0, 1.0, 1.0, -1.0, -1.0, 1.0], [1.0, 1.0, 1.0, -1.0, 1.0, 1.0, 1.0, -1.0, 1.0, -1.0], [1.0, 1.0, 1.0, -1.0, 1.0, 1.0, 1.0, -1.0, 1.0, 1.0], [1.0, 1.0, 1.0, -1.0, 1.0, 1.0, 1.0, 1.0, -1.0, -1.0], [1.0, 1.0, 1.0, -1.0, 1.0, 1.0, 1.0, 1.0, -1.0, 1.0], [1.0, 1.0, 1.0, -1.0, 1.0, 1.0, 1.0, 1.0, 1.0, -1.0], [1.0, 1.0, 1.0, -1.0, 1.0, 1.0, 1.0, 1.0, 1.0, 1.0], [1.0, 1.0, 1.0, 1.0, -1.0, -1.0, -1.0, -1.0, -1.0, -1.0], [1.0, 1.0, 1.0, 1.0, -1.0, -1.0, -1.0, -1.0, -1.0, 1.0], [1.0, 1.0, 1.0, 1.0, -1.0, -1.0, -1.0, -1.0, 1.0, -1.0], [1.0, 1.0, 1.0, 1.0, -1.0, -1.0, -1.0, -1.0, 1.0, 1.0], [1.0, 1.0, 1.0, 1.0, -1.0, -1.0, -1.0, 1.0, -1.0, -1.0], [1.0, 1.0, 1.0, 1.0, -1.0, -1.0, -1.0, 1.0, -1.0, 1.0], [1.0, 1.0, 1.0, 1.0, -1.0, -1.0, -1.0, 1.0, 1.0, -1.0], [1.0, 1.0, 1.0, 1.0, -1.0, -1.0, -1.0, 1.0, 1.0, 1.0], [1.0, 1.0, 1.0, 1.0, -1.0, -1.0, 1.0, -1.0, -1.0, -1.0], [1.0, 1.0, 1.0, 1.0, -1.0, -1.0, 1.0, -1.0, -1.0, 1.0], [1.0, 1.0, 1.0, 1.0, -1.0, -1.0, 1.0, -1.0, 1.0, -1.0], [1.0, 1.0, 1.0, 1.0, -1.0, -1.0, 1.0, -1.0, 1.0, 1.0], [1.0, 1.0, 1.0, 1.0, -1.0, -1.0, 1.0, 1.0, -1.0, -1.0], [1.0, 1.0, 1.0, 1.0, -1.0, -1.0, 1.0, 1.0, -1.0, 1.0], [1.0, 1.0, 1.0, 1.0, -1.0, -1.0, 1.0, 1.0, 1.0, -1.0], [1.0, 1.0, 1.0, 1.0, -1.0, -1.0, 1.0, 1.0, 1.0, 1.0], [1.0, 1.0, 1.0, 1.0, -1.0, 1.0, -1.0, -1.0, -1.0, -1.0], [1.0, 1.0, 1.0, 1.0, -1.0, 1.0, -1.0, -1.0, -1.0, 1.0], [1.0, 1.0, 1.0, 1.0, -1.0, 1.0, -1.0, -1.0, 1.0, -1.0], [1.0, 1.0, 1.0, 1.0, -1.0, 1.0, -1.0, -1.0, 1.0, 1.0], [1.0, 1.0, 1.0, 1.0, -1.0, 1.0, -1.0, 1.0, -1.0, -1.0], [1.0, 1.0, 1.0, 1.0, -1.0, 1.0, -1.0, 1.0, -1.0, 1.0], [1.0, 1.0, 1.0, 1.0, -1.0, 1.0, -1.0, 1.0, 1.0, -1.0], [1.0, 1.0, 1.0, 1.0, -1.0, 1.0, -1.0, 1.0, 1.0, 1.0], [1.0, 1.0, 1.0, 1.0, -1.0, 1.0, 1.0, -1.0, -1.0, -1.0], [1.0, 1.0, 1.0, 1.0, -1.0, 1.0, 1.0, -1.0, -1.0, 1.0], [1.0, 1.0, 1.0, 1.0, -1.0, 1.0, 1.0, -1.0, 1.0, -1.0], [1.0, 1.0, 1.0, 1.0, -1.0, 1.0, 1.0, -1.0, 1.0, 1.0], [1.0, 1.0, 1.0, 1.0, -1.0, 1.0, 1.0, 1.0, -1.0, -1.0], [1.0, 1.0, 1.0, 1.0, -1.0, 1.0, 1.0, 1.0, -1.0, 1.0], [1.0, 1.0, 1.0, 1.0, -1.0, 1.0, 1.0, 1.0, 1.0, -1.0], [1.0, 1.0, 1.0, 1.0, -1.0, 1.0, 1.0, 1.0, 1.0, 1.0], [1.0, 1.0, 1.0, 1.0, 1.0, -1.0, -1.0, -1.0, -1.0, -1.0], [1.0, 1.0, 1.0, 1.0, 1.0, -1.0, -1.0, -1.0, -1.0, 1.0], [1.0, 1.0, 1.0, 1.0, 1.0, -1.0, -1.0, -1.0, 1.0, -1.0], [1.0, 1.0, 1.0, 1.0, 1.0, -1.0, -1.0, -1.0, 1.0, 1.0], [1.0, 1.0, 1.0, 1.0, 1.0, -1.0, -1.0, 1.0, -1.0, -1.0], [1.0, 1.0, 1.0, 1.0, 1.0, -1.0, -1.0, 1.0, -1.0, 1.0], [1.0, 1.0, 1.0, 1.0, 1.0, -1.0, -1.0, 1.0, 1.0, -1.0], [1.0, 1.0, 1.0, 1.0, 1.0, -1.0, -1.0, 1.0, 1.0, 1.0], [1.0, 1.0, 1.0, 1.0, 1.0, -1.0, 1.0, -1.0, -1.0, -1.0], [1.0, 1.0, 1.0, 1.0, 1.0, -1.0, 1.0, -1.0, -1.0, 1.0], [1.0, 1.0, 1.0, 1.0, 1.0, -1.0, 1.0, -1.0, 1.0, -1.0], [1.0, 1.0, 1.0, 1.0, 1.0, -1.0, 1.0, -1.0, 1.0, 1.0], [1.0, 1.0, 1.0, 1.0, 1.0, -1.0, 1.0, 1.0, -1.0, -1.0], [1.0, 1.0, 1.0, 1.0, 1.0, -1.0, 1.0, 1.0, -1.0, 1.0], [1.0, 1.0, 1.0, 1.0, 1.0, -1.0, 1.0, 1.0, 1.0, -1.0], [1.0, 1.0, 1.0, 1.0, 1.0, -1.0, 1.0, 1.0, 1.0, 1.0], [1.0, 1.0, 1.0, 1.0, 1.0, 1.0, -1.0, -1.0, -1.0, -1.0], [1.0, 1.0, 1.0, 1.0, 1.0, 1.0, -1.0, -1.0, -1.0, 1.0], [1.0, 1.0, 1.0, 1.0, 1.0, 1.0, -1.0, -1.0, 1.0, -1.0], [1.0, 1.0, 1.0, 1.0, 1.0, 1.0, -1.0, -1.0, 1.0, 1.0], [1.0, 1.0, 1.0, 1.0, 1.0, 1.0, -1.0, 1.0, -1.0, -1.0], [1.0, 1.0, 1.0, 1.0, 1.0, 1.0, -1.0, 1.0, -1.0, 1.0], [1.0, 1.0, 1.0, 1.0, 1.0, 1.0, -1.0, 1.0, 1.0, -1.0], [1.0, 1.0, 1.0, 1.0, 1.0, 1.0, -1.0, 1.0, 1.0, 1.0], [1.0, 1.0, 1.0, 1.0, 1.0, 1.0, 1.0, -1.0, -1.0, -1.0], [1.0, 1.0, 1.0, 1.0, 1.0, 1.0, 1.0, -1.0, -1.0, 1.0], [1.0, 1.0, 1.0, 1.0, 1.0, 1.0, 1.0, -1.0, 1.0, -1.0], [1.0, 1.0, 1.0, 1.0, 1.0, 1.0, 1.0, -1.0, 1.0, 1.0], [1.0, 1.0, 1.0, 1.0, 1.0, 1.0, 1.0, 1.0, -1.0, -1.0], [1.0, 1.0, 1.0, 1.0, 1.0, 1.0, 1.0, 1.0, -1.0, 1.0], [1.0, 1.0, 1.0, 1.0, 1.0, 1.0, 1.0, 1.0, 1.0, -1.0], [1.0, 1.0, 1.0, 1.0, 1.0, 1.0, 1.0, 1.0, 1.0, 1.0]]
b:[-1.0, -1.0, -1.0, -1.0, -1.0, -1.0, -1.0, -1.0, -1.0, -1.0, -1.0, -1.0, -1.0, -1.0, -1.0, -1.0, -1.0, -1.0, -1.0, -1.0, -1.0, -1.0, -1.0, -1.0, -1.0, -1.0, -1.0, -1.0, -1.0, -1.0, -1.0, -1.0, -1.0, -1.0, -1.0, -1.0, -1.0, -1.0, -1.0, -1.0, -1.0, -1.0, -1.0, -1.0, -1.0, -1.0, -1.0, -1.0, -1.0, -1.0, -1.0, -1.0, -1.0, -1.0, -1.0, -1.0, -1.0, -1.0, -1.0, -1.0, -1.0, -1.0, -1.0, -1.0, -1.0, -1.0, -1.0, -1.0, -1.0, -1.0, -1.0, -1.0, -1.0, -1.0, -1.0, -1.0, -1.0, -1.0, -1.0, -1.0, -1.0, -1.0, -1.0, -1.0, -1.0, -1.0, -1.0, -1.0, -1.0, -1.0, -1.0, -1.0, -1.0, -1.0, -1.0, -1.0, -1.0, -1.0, -1.0, -1.0, -1.0, -1.0, -1.0, -1.0, -1.0, -1.0, -1.0, -1.0, -1.0, -1.0, -1.0, -1.0, -1.0, -1.0, -1.0, -1.0, -1.0, -1.0, -1.0, -1.0, -1.0, -1.0, -1.0, -1.0, -1.0, -1.0, -1.0, -1.0, -1.0, -1.0, -1.0, -1.0, -1.0, -1.0, -1.0, -1.0, -1.0, -1.0, -1.0, -1.0, -1.0, -1.0, -1.0, -1.0, -1.0, -1.0, -1.0, -1.0, -1.0, -1.0, -1.0, -1.0, -1.0, -1.0, -1.0, -1.0, -1.0, -1.0, -1.0, -1.0, -1.0, -1.0, -1.0, -1.0, -1.0, -1.0, -1.0, -1.0, -1.0, -1.0, -1.0, -1.0, -1.0, -1.0, -1.0, -1.0, -1.0, -1.0, -1.0, -1.0, -1.0, -1.0, -1.0, -1.0, -1.0, -1.0, -1.0, -1.0, -1.0, -1.0, -1.0, -1.0, -1.0, -1.0, -1.0, -1.0, -1.0, -1.0, -1.0, -1.0, -1.0, -1.0, -1.0, -1.0, -1.0, -1.0, -1.0, -1.0, -1.0, -1.0, -1.0, -1.0, -1.0, -1.0, -1.0, -1.0, -1.0, -1.0, -1.0, -1.0, -1.0, -1.0, -1.0, -1.0, -1.0, -1.0, -1.0, -1.0, -1.0, -1.0, -1.0, -1.0, -1.0, -1.0, -1.0, -1.0, -1.0, -1.0, -1.0, -1.0, -1.0, -1.0, -1.0, -1.0, -1.0, -1.0, -1.0, -1.0, -1.0, -1.0, -1.0, -1.0, -1.0, -1.0, -1.0, -1.0, -1.0, -1.0, -1.0, -1.0, -1.0, -1.0, -1.0, -1.0, -1.0, -1.0, -1.0, -1.0, -1.0, -1.0, -1.0, -1.0, -1.0, -1.0, -1.0, -1.0, -1.0, -1.0, -1.0, -1.0, -1.0, -1.0, -1.0, -1.0, -1.0, -1.0, -1.0, -1.0, -1.0, -1.0, -1.0, -1.0, -1.0, -1.0, -1.0, -1.0, -1.0, -1.0, -1.0, -1.0, -1.0, -1.0, -1.0, -1.0, -1.0, -1.0, -1.0, -1.0, -1.0, -1.0, -1.0, -1.0, -1.0, -1.0, -1.0, -1.0, -1.0, -1.0, -1.0, -1.0, -1.0, -1.0, -1.0, -1.0, -1.0, -1.0, -1.0, -1.0, -1.0, -1.0, -1.0, -1.0, -1.0, -1.0, -1.0, -1.0, -1.0, -1.0, -1.0, -1.0, -1.0, -1.0, -1.0, -1.0, -1.0, -1.0, -1.0, -1.0, -1.0, -1.0, -1.0, -1.0, -1.0, -1.0, -1.0, -1.0, -1.0, -1.0, -1.0, -1.0, -1.0, -1.0, -1.0, -1.0, -1.0, -1.0, -1.0, -1.0, -1.0, -1.0, -1.0, -1.0, -1.0, -1.0, -1.0, -1.0, -1.0, -1.0, -1.0, -1.0, -1.0, -1.0, -1.0, -1.0, -1.0, -1.0, -1.0, -1.0, -1.0, -1.0, -1.0, -1.0, -1.0, -1.0, -1.0, -1.0, -1.0, -1.0, -1.0, -1.0, -1.0, -1.0, -1.0, -1.0, -1.0, -1.0, -1.0, -1.0, -1.0, -1.0, -1.0, -1.0, -1.0, -1.0, -1.0, -1.0, -1.0, -1.0, -1.0, -1.0, -1.0, -1.0, -1.0, -1.0, -1.0, -1.0, -1.0, -1.0, -1.0, -1.0, -1.0, -1.0, -1.0, -1.0, -1.0, -1.0, -1.0, -1.0, -1.0, -1.0, -1.0, -1.0, -1.0, -1.0, -1.0, -1.0, -1.0, -1.0, -1.0, -1.0, -1.0, -1.0, -1.0, -1.0, -1.0, -1.0, -1.0, -1.0, -1.0, -1.0, -1.0, -1.0, -1.0, -1.0, -1.0, -1.0, -1.0, -1.0, -1.0, -1.0, -1.0, -1.0, -1.0, -1.0, -1.0, -1.0, -1.0, -1.0, -1.0, -1.0, -1.0, -1.0, -1.0, -1.0, -1.0, -1.0, -1.0, -1.0, -1.0, -1.0, -1.0, -1.0, -1.0, -1.0, -1.0, -1.0, -1.0, -1.0, -1.0, -1.0, -1.0, -1.0, -1.0, -1.0, -1.0, -1.0, -1.0, -1.0, -1.0, -1.0, -1.0, -1.0, -1.0, -1.0, -1.0, -1.0, -1.0, -1.0, -1.0, -1.0, -1.0, -1.0, -1.0, -1.0, -1.0, -1.0, -1.0, -1.0, -1.0, -1.0, -1.0, -1.0, -1.0, -1.0, -1.0, -1.0, -1.0, -1.0, -1.0, -1.0, -1.0, -1.0, -1.0, -1.0, -1.0, -1.0, -1.0, -1.0, -1.0, -1.0, -1.0, -1.0, -1.0, -1.0, -1.0, -1.0, -1.0, -1.0, -1.0, -1.0, -1.0, -1.0, -1.0, -1.0, -1.0, -1.0, -1.0, -1.0, -1.0, -1.0, -1.0, -1.0, -1.0, -1.0, -1.0, -1.0, -1.0, -1.0, -1.0, -1.0, -1.0, -1.0, -1.0, -1.0, -1.0, -1.0, -1.0, -1.0, -1.0, -1.0, -1.0, -1.0, -1.0, -1.0, -1.0, -1.0, -1.0, -1.0, -1.0, -1.0, -1.0, -1.0, -1.0, -1.0, -1.0, -1.0, -1.0, -1.0, -1.0, -1.0, -1.0, -1.0, -1.0, -1.0, -1.0, -1.0, -1.0, -1.0, -1.0, -1.0, -1.0, -1.0, -1.0, -1.0, -1.0, -1.0, -1.0, -1.0, -1.0, -1.0, -1.0, -1.0, -1.0, -1.0, -1.0, -1.0, -1.0, -1.0, -1.0, -1.0, -1.0, -1.0, -1.0, -1.0, -1.0, -1.0, -1.0, -1.0, -1.0, -1.0, -1.0, -1.0, -1.0, -1.0, -1.0, -1.0, -1.0, -1.0, -1.0, -1.0, -1.0, -1.0, -1.0, -1.0, -1.0, -1.0, -1.0, -1.0, -1.0, -1.0, -1.0, -1.0, -1.0, -1.0, -1.0, -1.0, -1.0, -1.0, -1.0, -1.0, -1.0, -1.0, -1.0, -1.0, -1.0, -1.0, -1.0, -1.0, -1.0, -1.0, -1.0, -1.0, -1.0, -1.0, -1.0, -1.0, -1.0, -1.0, -1.0, -1.0, -1.0, -1.0, -1.0, -1.0, -1.0, -1.0, -1.0, -1.0, -1.0, -1.0, -1.0, -1.0, -1.0, -1.0, -1.0, -1.0, -1.0, -1.0, -1.0, -1.0, -1.0, -1.0, -1.0, -1.0, -1.0, -1.0, -1.0, -1.0, -1.0, -1.0, -1.0, -1.0, -1.0, -1.0, -1.0, -1.0, -1.0, -1.0, -1.0, -1.0, -1.0, -1.0, -1.0, -1.0, -1.0, -1.0, -1.0, -1.0, -1.0, -1.0, -1.0, -1.0, -1.0, -1.0, -1.0, -1.0, -1.0, -1.0, -1.0, -1.0, -1.0, -1.0, -1.0, -1.0, -1.0, -1.0, -1.0, -1.0, -1.0, -1.0, -1.0, -1.0, -1.0, -1.0, -1.0, -1.0, -1.0, -1.0, -1.0, -1.0, -1.0, -1.0, -1.0, -1.0, -1.0, -1.0, -1.0, -1.0, -1.0, -1.0, -1.0, -1.0, -1.0, -1.0, -1.0, -1.0, -1.0, -1.0, -1.0, -1.0, -1.0, -1.0, -1.0, -1.0, -1.0, -1.0, -1.0, -1.0, -1.0, -1.0, -1.0, -1.0, -1.0, -1.0, -1.0, -1.0, -1.0, -1.0, -1.0, -1.0, -1.0, -1.0, -1.0, -1.0, -1.0, -1.0, -1.0, -1.0, -1.0, -1.0, -1.0, -1.0, -1.0, -1.0, -1.0, -1.0, -1.0, -1.0, -1.0, -1.0, -1.0, -1.0, -1.0, -1.0, -1.0, -1.0, -1.0, -1.0, -1.0, -1.0, -1.0, -1.0, -1.0, -1.0, -1.0, -1.0, -1.0, -1.0, -1.0, -1.0, -1.0, -1.0, -1.0, -1.0, -1.0, -1.0, -1.0, -1.0, -1.0, -1.0, -1.0, -1.0, -1.0, -1.0, -1.0, -1.0, -1.0, -1.0, -1.0, -1.0, -1.0, -1.0, -1.0, -1.0, -1.0, -1.0, -1.0, -1.0, -1.0, -1.0, -1.0, -1.0, -1.0, -1.0, -1.0, -1.0, -1.0, -1.0, -1.0, -1.0, -1.0, -1.0, -1.0, -1.0, -1.0, -1.0, -1.0, -1.0, -1.0, -1.0, -1.0, -1.0, -1.0, -1.0, -1.0, -1.0, -1.0, -1.0, -1.0, -1.0, -1.0, -1.0, -1.0, -1.0, -1.0, -1.0, -1.0, -1.0, -1.0, -1.0, -1.0, -1.0, -1.0, -1.0, -1.0, -1.0, -1.0, -1.0, -1.0, -1.0, -1.0, -1.0, -1.0, -1.0, -1.0, -1.0, -1.0, -1.0, -1.0, -1.0, -1.0, -1.0, -1.0, -1.0, -1.0, -1.0, -1.0, -1.0, -1.0, -1.0, -1.0, -1.0, -1.0, -1.0, -1.0, -1.0, -1.0, -1.0, -1.0, -1.0, -1.0, -1.0, -1.0, -1.0, -1.0, -1.0, -1.0, -1.0, -1.0, -1.0, -1.0, -1.0, -1.0, -1.0, -1.0, -1.0, -1.0, -1.0, -1.0, -1.0, -1.0, -1.0, -1.0, -1.0, -1.0, -1.0, -1.0, -1.0, -1.0, -1.0, -1.0, -1.0, -1.0, -1.0, -1.0, -1.0, -1.0, -1.0, -1.0, -1.0, -1.0, -1.0, -1.0, -1.0, -1.0, -1.0, -1.0, -1.0, -1.0, -1.0, -1.0, -1.0, -1.0, -1.0]
c:[-283.085, -54.905, 44.689, -171.854, 17.997, -5.948, 87.516, -228.59, 77.376, 84.205]
G:[[156.694, 42.558, -4.405, 122.515, -88.679, -39.21, -119.765, 141.434, 14.275, 15.099], [42.558, 86.323, -4.765, 60.935, -114.194, 33.135, -34.004, 112.95, 99.065, 7.409], [-4.405, -4.765, 23.062, -26.859, 12.692, 4.03, -34.99, -13.08, 3.919, -7.368], [122.515, 60.935, -26.859, 183.971, -159.739, -78.763, -68.803, 182.032, 102.744, 80.274], [-88.679, -114.194, 12.692, -159.739, 237.971, 33.762, 97.79, -184.194, -162.95, -90.988], [-39.21, 33.135, 4.03, -78.763, 33.762, 101.712, 41.139, -27.007, -9.374, -73.432], [-119.765, -34.004, -34.99, -68.803, 97.79, 41.139, 183.091, -88.82, -26.795, -31.985], [141.434, 112.95, -13.08, 182.032, -184.194, -27.007, -88.82, 245.289, 161.706, 44.518], [14.275, 99.065, 3.919, 102.744, -162.95, -9.374, -26.795, 161.706, 209.524, 61.14], [15.099, 7.409, -7.368, 80.274, -90.988, -73.432, -31.985, 44.518, 61.14, 83.764]]
-------------------------
X0: [1.764, 0.4, 0.979, 2.241, 1.868, 0.977, 0.95, 0.151, 0.103, 0.411]
        Iterations: 105
        Solution: [-0.0, 0.0, -0.0, -0.0, 0.0, -0.0, -0.0, 0.0, 0.0, 0.0]
        Time Elapsed: 0:00:00.115808


X0: [0.144, 1.454, 0.761, 0.122, 0.444, 0.334, 1.494, 0.205, 0.313, 0.854]
        Iterations: 235
        Solution: [-0.051, -0.051, 0.051, 0.051, -0.051, 0.0, -0.0, 0.051, -0.0, 0.0]
        Time Elapsed: 0:00:00.238247


X0: [2.553, 0.654, 0.864, 0.742, 2.27, 1.454, 0.046, 0.187, 1.533, 1.469]
        Iterations: 719
        Solution: [0.0, -0.28, 0.0, -0.0, -0.0, -0.0, -0.143, -0.0, 0.0, -0.137]
        Time Elapsed: 0:00:06.585050


X0: [0.155, 0.378, 0.888, 1.981, 0.348, 0.156, 1.23, 1.202, 0.387, 0.302]
        Iterations: 111
        Solution: [0.0, -0.0, -0.0, 0.0, -0.0, -0.0, -0.0, -0.0, 0.0, -0.0]
        Time Elapsed: 0:00:00.074798


X0: [1.049, 1.42, 1.706, 1.951, 0.51, 0.438, 1.253, 0.777, 1.614, 0.213]
        Iterations: 584
        Solution: [0.0, -0.28, -0.0, 0.0, -0.0, -0.0, -0.143, 0.0, 0.0, -0.137]
        Time Elapsed: 0:00:04.275077


====================